0 0 0.0001
9.61405e-05 0 0.0002
0.000297307 1.60218e-09 0.0003
0.000593473 6.55668e-09 0.0004
0.000975545 1.64464e-08 0.0005
0.00143528 3.27024e-08 0.0006
0.0019652 5.66186e-08 0.0007
0.00255852 8.93639e-08 0.0008
0.00320909 1.31994e-07 0.0009
0.00391131 1.85463e-07 0.001
0.00466013 2.50629e-07 0.0011
0.00545092 3.28269e-07 0.0012
0.00627951 4.19082e-07 0.0013
0.00714209 5.23695e-07 0.0014
0.00803521 6.42674e-07 0.0015
0.00895571 7.76527e-07 0.0016
0.00990073 9.25709e-07 0.0017
0.0108677 1.09063e-06 0.0018
0.0118541 1.27165e-06 0.0019
0.012858 1.46909e-06 0.002
0.0138772 1.68325e-06 0.0021
0.0149101 1.91437e-06 0.0022
0.0159549 2.16269e-06 0.0023
0.0170101 2.42839e-06 0.0024
0.0180744 2.71167e-06 0.0025
0.0191464 3.01265e-06 0.0026
0.0202251 3.33147e-06 0.0027
0.0213094 3.66825e-06 0.0028
0.0223982 4.02306e-06 0.0029
0.0234907 4.39599e-06 0.003
0.0245861 4.7871e-06 0.0031
0.0256835 5.19643e-06 0.0032
0.0267823 5.62401e-06 0.0033
0.0278818 6.06987e-06 0.0034
0.0289815 6.53401e-06 0.0035
0.0300806 7.01645e-06 0.0036
0.0311788 7.51715e-06 0.0037
0.0322754 8.03612e-06 0.0038
0.0333701 8.57332e-06 0.0039
0.0344624 9.12872e-06 0.004
0.035552 9.70228e-06 0.0041
0.0366383 1.02939e-05 0.0042
0.0377211 1.09037e-05 0.0043
0.0388001 1.15314e-05 0.0044
0.0398748 1.2177e-05 0.0045
0.040945 1.28405e-05 0.0046
0.0420105 1.35218e-05 0.0047
0.0430709 1.42208e-05 0.0048
0.0441259 1.49374e-05 0.0049
0.0451753 1.56715e-05 0.005
0.046219 1.6423e-05 0.0051
0.0472565 1.71919e-05 0.0052
0.0482878 1.7978e-05 0.0053
0.0493126 1.87812e-05 0.0054
0.0503306 1.96014e-05 0.0055
0.0513417 2.04386e-05 0.0056
0.0523458 2.12925e-05 0.0057
0.0533425 2.2163e-05 0.0058
0.0543317 2.30501e-05 0.0059
0.0553133 2.39537e-05 0.006
0.056287 2.48735e-05 0.0061
0.0572527 2.58094e-05 0.0062
0.0582102 2.67614e-05 0.0063
0.0591594 2.77292e-05 0.0064
0.0601001 2.87128e-05 0.0065
0.0610321 2.9712e-05 0.0066
0.0619554 3.07266e-05 0.0067
0.0628696 3.17565e-05 0.0068
0.0637748 3.28016e-05 0.0069
0.0646707 3.38617e-05 0.007
0.0655572 3.49366e-05 0.0071
0.0664342 3.60262e-05 0.0072
0.0673015 3.71303e-05 0.0073
0.068159 3.82488e-05 0.0074
0.0690066 3.93815e-05 0.0075
0.0698441 4.05282e-05 0.0076
0.0706715 4.16888e-05 0.0077
0.0714885 4.2863e-05 0.0078
0.072295 4.40508e-05 0.0079
0.0730911 4.52519e-05 0.008
0.0738764 4.64662e-05 0.0081
0.0746509 4.76935e-05 0.0082
0.0754146 4.89336e-05 0.0083
0.0761672 5.01863e-05 0.0084
0.0769086 5.14514e-05 0.0085
0.0776389 5.27288e-05 0.0086
0.0783577 5.40183e-05 0.0087
0.0790652 5.53196e-05 0.0088
0.079761 5.66326e-05 0.0089
0.0804452 5.79571e-05 0.009
0.0811176 5.92929e-05 0.0091
0.0817782 6.06398e-05 0.0092
0.0824268 6.19976e-05 0.0093
0.0830633 6.33661e-05 0.0094
0.0836877 6.4745e-05 0.0095
0.0842999 6.61343e-05 0.0096
0.0848997 6.75336e-05 0.0097
0.0854871 6.89429e-05 0.0098
0.0860621 7.03618e-05 0.0099
0.0866244 7.17901e-05 0.01
0.0871741 7.32277e-05 0.0101
0.087711 7.46744e-05 0.0102
0.0882351 7.61299e-05 0.0103
0.0887463 7.7594e-05 0.0104
0.0892446 7.90665e-05 0.0105
0.0897298 8.05471e-05 0.0106
0.0902018 8.20358e-05 0.0107
0.0906607 8.35322e-05 0.0108
0.0911064 8.50361e-05 0.0109
0.0915387 8.65473e-05 0.011
0.0919577 8.80655e-05 0.0111
0.0923632 8.95907e-05 0.0112
0.0927553 9.11224e-05 0.0113
0.0931337 9.26606e-05 0.0114
0.0934986 9.4205e-05 0.0115
0.0938498 9.57553e-05 0.0116
0.0941873 9.73113e-05 0.0117
0.0945111 9.88728e-05 0.0118
0.094821 0.00010044 0.0119
0.0951172 0.000102011 0.012
0.0953994 0.000103588 0.0121
0.0956676 0.000105169 0.0122
0.0959219 0.000106755 0.0123
0.0961622 0.000108344 0.0124
0.0963885 0.000109938 0.0125
0.0966007 0.000111535 0.0126
0.0967988 0.000113136 0.0127
0.0969827 0.000114739 0.0128
0.0971525 0.000116346 0.0129
0.0973081 0.000117955 0.013
0.0974495 0.000119567 0.0131
0.0975767 0.000121181 0.0132
0.0976896 0.000122797 0.0133
0.0977882 0.000124415 0.0134
0.0978726 0.000126034 0.0135
0.0979427 0.000127655 0.0136
0.0979985 0.000129276 0.0137
0.09804 0.000130899 0.0138
0.0980672 0.000132522 0.0139
0.0980801 0.000134145 0.014
0.0980786 0.000135768 0.0141
0.0980628 0.000137391 0.0142
0.0980327 0.000139014 0.0143
0.0979883 0.000140636 0.0144
0.0979296 0.000142258 0.0145
0.0978567 0.000143878 0.0146
0.0977694 0.000145497 0.0147
0.0976678 0.000147114 0.0148
0.097552 0.000148729 0.0149
0.0974219 0.000150342 0.015
0.0972777 0.000151953 0.0151
0.0971192 0.000153562 0.0152
0.0969465 0.000155168 0.0153
0.0967597 0.00015677 0.0154
0.0965588 0.00015837 0.0155
0.0963437 0.000159966 0.0156
0.0961146 0.000161558 0.0157
0.0958715 0.000163146 0.0158
0.0956144 0.00016473 0.0159
0.0953433 0.00016631 0.016
0.0950583 0.000167885 0.0161
0.0947594 0.000169455 0.0162
0.0944466 0.00017102 0.0163
0.0941201 0.00017258 0.0164
0.0937798 0.000174134 0.0165
0.0934258 0.000175682 0.0166
0.0930582 0.000177225 0.0167
0.092677 0.000178761 0.0168
0.0922822 0.00018029 0.0169
0.091874 0.000181813 0.017
0.0914523 0.000183329 0.0171
0.0910173 0.000184838 0.0172
0.090569 0.000186339 0.0173
0.0901074 0.000187833 0.0174
0.0896327 0.000189319 0.0175
0.0891449 0.000190797 0.0176
0.088644 0.000192267 0.0177
0.0881302 0.000193728 0.0178
0.0876035 0.000195181 0.0179
0.087064 0.000196624 0.018
0.0865118 0.000198059 0.0181
0.0859469 0.000199484 0.0182
0.0853695 0.0002009 0.0183
0.0847795 0.000202306 0.0184
0.0841772 0.000203702 0.0185
0.0835626 0.000205087 0.0186
0.0829357 0.000206463 0.0187
0.0822967 0.000207828 0.0188
0.0816456 0.000209182 0.0189
0.0809826 0.000210525 0.019
0.0803078 0.000211857 0.0191
0.0796212 0.000213178 0.0192
0.0789229 0.000214487 0.0193
0.0782131 0.000215784 0.0194
0.0774918 0.00021707 0.0195
0.0767592 0.000218343 0.0196
0.0760153 0.000219604 0.0197
0.0752603 0.000220853 0.0198
0.0744942 0.000222088 0.0199
0.0737173 0.000223311 0.02
0.0729295 0.000224521 0.0201
0.0721311 0.000225718 0.0202
0.071322 0.000226901 0.0203
0.0705025 0.000228071 0.0204
0.0696727 0.000229227 0.0205
0.0688326 0.000230369 0.0206
0.0679825 0.000231497 0.0207
0.0671223 0.00023261 0.0208
0.0662523 0.000233709 0.0209
0.0653726 0.000234794 0.021
0.0644832 0.000235864 0.0211
0.0635844 0.000236919 0.0212
0.0626762 0.000237959 0.0213
0.0617589 0.000238983 0.0214
0.0608324 0.000239993 0.0215
0.059897 0.000240987 0.0216
0.0589528 0.000241965 0.0217
0.0579998 0.000242927 0.0218
0.0570384 0.000243873 0.0219
0.0560685 0.000244803 0.022
0.0550904 0.000245717 0.0221
0.0541042 0.000246615 0.0222
0.0531099 0.000247496 0.0223
0.0521079 0.000248361 0.0224
0.0510981 0.000249208 0.0225
0.0500808 0.000250039 0.0226
0.0490561 0.000250853 0.0227
0.0480241 0.000251649 0.0228
0.0469851 0.000252429 0.0229
0.045939 0.000253191 0.023
0.0448862 0.000253935 0.0231
0.0438267 0.000254662 0.0232
0.0427607 0.000255371 0.0233
0.0416884 0.000256063 0.0234
0.0406099 0.000256736 0.0235
0.0395253 0.000257391 0.0236
0.0384349 0.000258029 0.0237
0.0373387 0.000258648 0.0238
0.036237 0.000259248 0.0239
0.0351298 0.000259831 0.024
0.0340174 0.000260394 0.0241
0.0329 0.00026094 0.0242
0.0317776 0.000261466 0.0243
0.0306504 0.000261974 0.0244
0.0295186 0.000262463 0.0245
0.0283824 0.000262933 0.0246
0.0272419 0.000263384 0.0247
0.0260973 0.000263816 0.0248
0.0249487 0.000264229 0.0249
0.0237964 0.000264623 0.025
0.0226405 0.000264997 0.0251
0.0214811 0.000265352 0.0252
0.0203184 0.000265688 0.0253
0.0191526 0.000266005 0.0254
0.0179839 0.000266302 0.0255
0.0168123 0.000266579 0.0256
0.0156382 0.000266837 0.0257
0.0144616 0.000267076 0.0258
0.0132828 0.000267294 0.0259
0.0121019 0.000267493 0.026
0.010919 0.000267673 0.0261
0.00973435 0.000267833 0.0262
0.00854812 0.000267972 0.0263
0.00736048 0.000268093 0.0264
0.00617159 0.000268193 0.0265
0.00498162 0.000268273 0.0266
0.00379074 0.000268334 0.0267
0.00259913 0.000268375 0.0268
0.00140696 0.000268396 0.0269
0.000214395 0.000268397 0.027
-0.000978388 0.000268378 0.0271
-0.00217122 0.000268339 0.0272
-0.00336392 0.000268281 0.0273
-0.00455633 0.000268202 0.0274
-0.00574827 0.000268104 0.0275
-0.00693957 0.000267986 0.0276
-0.00813006 0.000267848 0.0277
-0.00931957 0.00026769 0.0278
-0.0105079 0.000267513 0.0279
-0.0116949 0.000267315 0.028
-0.0128805 0.000267098 0.0281
-0.0140643 0.000266861 0.0282
-0.0152464 0.000266605 0.0283
-0.0164264 0.000266328 0.0284
-0.0176042 0.000266032 0.0285
-0.0187797 0.000265717 0.0286
-0.0199527 0.000265382 0.0287
-0.021123 0.000265027 0.0288
-0.0222904 0.000264653 0.0289
-0.0234548 0.000264259 0.029
-0.0246161 0.000263847 0.0291
-0.0257739 0.000263414 0.0292
-0.0269283 0.000262963 0.0293
-0.0280789 0.000262492 0.0294
-0.0292257 0.000262002 0.0295
-0.0303685 0.000261493 0.0296
-0.0315071 0.000260966 0.0297
-0.0326413 0.000260419 0.0298
-0.033771 0.000259853 0.0299
-0.0348961 0.000259269 0.03
-0.0360163 0.000258666 0.0301
-0.0371315 0.000258044 0.0302
-0.0382416 0.000257403 0.0303
-0.0393463 0.000256745 0.0304
-0.0404455 0.000256068 0.0305
-0.0415392 0.000255372 0.0306
-0.042627 0.000254659 0.0307
-0.0437088 0.000253927 0.0308
-0.0447846 0.000253178 0.0309
-0.0458541 0.00025241 0.031
-0.0469172 0.000251625 0.0311
-0.0479737 0.000250822 0.0312
-0.0490235 0.000250002 0.0313
-0.0500664 0.000249164 0.0314
-0.0511023 0.000248309 0.0315
-0.052131 0.000247436 0.0316
-0.0531524 0.000246547 0.0317
-0.0541663 0.000245641 0.0318
-0.0551726 0.000244718 0.0319
-0.0561712 0.000243778 0.032
-0.0571619 0.000242821 0.0321
-0.0581445 0.000241848 0.0322
-0.0591189 0.000240859 0.0323
-0.060085 0.000239854 0.0324
-0.0610426 0.000238833 0.0325
-0.0619916 0.000237796 0.0326
-0.0629319 0.000236743 0.0327
-0.0638633 0.000235674 0.0328
-0.0647857 0.00023459 0.0329
-0.065699 0.000233491 0.033
-0.066603 0.000232377 0.0331
-0.0674975 0.000231247 0.0332
-0.0683826 0.000230103 0.0333
-0.0692579 0.000228945 0.0334
-0.0701235 0.000227771 0.0335
-0.0709792 0.000226584 0.0336
-0.0718249 0.000225382 0.0337
-0.0726603 0.000224166 0.0338
-0.0734855 0.000222937 0.0339
-0.0743003 0.000221693 0.034
-0.0751046 0.000220437 0.0341
-0.0758983 0.000219167 0.0342
-0.0766812 0.000217884 0.0343
-0.0774533 0.000216588 0.0344
-0.0782144 0.000215279 0.0345
-0.0789644 0.000213957 0.0346
-0.0797032 0.000212624 0.0347
-0.0804308 0.000211278 0.0348
-0.0811469 0.00020992 0.0349
-0.0818515 0.00020855 0.035
-0.0825446 0.000207168 0.0351
-0.0832259 0.000205776 0.0352
-0.0838955 0.000204371 0.0353
-0.0845531 0.000202956 0.0354
-0.0851987 0.00020153 0.0355
-0.0858323 0.000200094 0.0356
-0.0864537 0.000198647 0.0357
-0.0870628 0.000197189 0.0358
-0.0876596 0.000195722 0.0359
-0.0882439 0.000194245 0.036
-0.0888157 0.000192758 0.0361
-0.0893749 0.000191262 0.0362
-0.0899214 0.000189757 0.0363
-0.0904552 0.000188242 0.0364
-0.0909761 0.000186719 0.0365
-0.0914841 0.000185187 0.0366
-0.0919791 0.000183647 0.0367
-0.092461 0.000182099 0.0368
-0.0929299 0.000180543 0.0369
-0.0933855 0.000178979 0.037
-0.0938278 0.000177408 0.0371
-0.0942568 0.00017583 0.0372
-0.0946725 0.000174244 0.0373
-0.0950747 0.000172652 0.0374
-0.0954633 0.000171053 0.0375
-0.0958385 0.000169448 0.0376
-0.0962 0.000167837 0.0377
-0.0965478 0.00016622 0.0378
-0.0968819 0.000164597 0.0379
-0.0972022 0.000162969 0.038
-0.0975088 0.000161335 0.0381
-0.0978014 0.000159697 0.0382
-0.0980802 0.000158054 0.0383
-0.098345 0.000156406 0.0384
-0.0985959 0.000154754 0.0385
-0.0988327 0.000153098 0.0386
-0.0990555 0.000151438 0.0387
-0.0992642 0.000149775 0.0388
-0.0994588 0.000148108 0.0389
-0.0996392 0.000146438 0.039
-0.0998055 0.000144766 0.0391
-0.0999576 0.00014309 0.0392
-0.100096 0.000141413 0.0393
-0.100219 0.000139733 0.0394
-0.100329 0.000138051 0.0395
-0.100424 0.000136367 0.0396
-0.100505 0.000134683 0.0397
-0.100571 0.000132996 0.0398
-0.100623 0.000131309 0.0399
-0.100661 0.000129621 0.04
-0.100685 0.000127933 0.0401
-0.100694 0.000126245 0.0402
-0.100689 0.000124556 0.0403
-0.10067 0.000122868 0.0404
-0.100637 0.00012118 0.0405
-0.100589 0.000119492 0.0406
-0.100526 0.000117806 0.0407
-0.10045 0.000116121 0.0408
-0.100359 0.000114437 0.0409
-0.100254 0.000112755 0.041
-0.100135 0.000111075 0.0411
-0.100001 0.000109397 0.0412
-0.0998533 0.000107722 0.0413
-0.0996913 0.000106049 0.0414
-0.0995152 0.000104378 0.0415
-0.0993249 0.000102711 0.0416
-0.0991205 0.000101048 0.0417
-0.098902 9.93872e-05 0.0418
-0.0986694 9.77308e-05 0.0419
-0.0984228 9.60783e-05 0.042
-0.0981622 9.44301e-05 0.0421
-0.0978877 9.27863e-05 0.0422
-0.0975992 9.11473e-05 0.0423
-0.0972969 8.95132e-05 0.0424
-0.0969807 8.78843e-05 0.0425
-0.0966508 8.62608e-05 0.0426
-0.0963071 8.46429e-05 0.0427
-0.0959497 8.30309e-05 0.0428
-0.0955787 8.1425e-05 0.0429
-0.0951941 7.98254e-05 0.043
-0.094796 7.82323e-05 0.0431
-0.0943844 7.6646e-05 0.0432
-0.0939594 7.50667e-05 0.0433
-0.0935211 7.34946e-05 0.0434
-0.0930694 7.193e-05 0.0435
-0.0926046 7.0373e-05 0.0436
-0.0921266 6.88239e-05 0.0437
-0.0916355 6.72828e-05 0.0438
-0.0911314 6.57501e-05 0.0439
-0.0906143 6.42259e-05 0.044
-0.0900844 6.27105e-05 0.0441
-0.0895417 6.1204e-05 0.0442
-0.0889863 5.97067e-05 0.0443
-0.0884182 5.82188e-05 0.0444
-0.0878376 5.67404e-05 0.0445
-0.0872446 5.52719e-05 0.0446
-0.0866391 5.38134e-05 0.0447
-0.0860213 5.2365e-05 0.0448
-0.0853914 5.09271e-05 0.0449
-0.0847493 4.94998e-05 0.045
-0.0840952 4.80834e-05 0.0451
-0.0834292 4.66779e-05 0.0452
-0.0827513 4.52837e-05 0.0453
-0.0820617 4.39008e-05 0.0454
-0.0813605 4.25296e-05 0.0455
-0.0806477 4.11702e-05 0.0456
-0.0799235 3.98228e-05 0.0457
-0.0791879 3.84875e-05 0.0458
-0.0784412 3.71647e-05 0.0459
-0.0776833 3.58544e-05 0.046
-0.0769144 3.45568e-05 0.0461
-0.0761346 3.32721e-05 0.0462
-0.0753441 3.20006e-05 0.0463
-0.0745428 3.07423e-05 0.0464
-0.0737311 2.94975e-05 0.0465
-0.0729088 2.82663e-05 0.0466
-0.0720763 2.70489e-05 0.0467
-0.0712335 2.58455e-05 0.0468
-0.0703807 2.46562e-05 0.0469
-0.0695179 2.34813e-05 0.047
-0.0686453 2.23208e-05 0.0471
-0.067763 2.1175e-05 0.0472
-0.0668711 2.00439e-05 0.0473
-0.0659698 1.89279e-05 0.0474
-0.0650591 1.78269e-05 0.0475
-0.0641392 1.67412e-05 0.0476
-0.0632103 1.56709e-05 0.0477
-0.0622725 1.46162e-05 0.0478
-0.0613259 1.35772e-05 0.0479
-0.0603706 1.25541e-05 0.048
-0.0594068 1.1547e-05 0.0481
-0.0584346 1.0556e-05 0.0482
-0.0574542 9.58132e-06 0.0483
-0.0564657 8.62304e-06 0.0484
-0.0554693 7.68132e-06 0.0485
-0.054465 6.75629e-06 0.0486
-0.0534531 5.84807e-06 0.0487
-0.0524336 4.95678e-06 0.0488
-0.0514068 4.08256e-06 0.0489
-0.0503728 3.22553e-06 0.049
-0.0493317 2.3858e-06 0.0491
-0.0482836 1.56349e-06 0.0492
-0.0472288 7.58708e-07 0.0493
-0.0461674 -2.84229e-08 0.0494
-0.0450995 -7.978e-07 0.0495
-0.0440252 -1.54932e-06 0.0496
-0.0429448 -2.28287e-06 0.0497
-0.0418585 -2.99835e-06 0.0498
-0.0407662 -3.69567e-06 0.0499
-0.0396683 -4.37473e-06 0.05
-0.0385648 -5.03544e-06 0.0501
-0.037456 -5.6777e-06 0.0502
-0.0363419 -6.30144e-06 0.0503
-0.0352228 -6.90655e-06 0.0504
-0.0340988 -7.49296e-06 0.0505
-0.03297 -8.06059e-06 0.0506
-0.0318367 -8.60936e-06 0.0507
-0.030699 -9.13921e-06 0.0508
-0.029557 -9.65004e-06 0.0509
-0.028411 -1.01418e-05 0.051
-0.027261 -1.06144e-05 0.0511
-0.0261073 -1.10679e-05 0.0512
-0.02495 -1.1502e-05 0.0513
-0.0237893 -1.19168e-05 0.0514
-0.0226254 -1.23123e-05 0.0515
-0.0214583 -1.26883e-05 0.0516
-0.0202884 -1.30449e-05 0.0517
-0.0191157 -1.33819e-05 0.0518
-0.0179404 -1.36993e-05 0.0519
-0.0167627 -1.39972e-05 0.052
-0.0155828 -1.42754e-05 0.0521
-0.0144008 -1.45339e-05 0.0522
-0.013217 -1.47726e-05 0.0523
-0.0120314 -1.49917e-05 0.0524
-0.0108442 -1.51909e-05 0.0525
-0.00965566 -1.53704e-05 0.0526
-0.00846591 -1.553e-05 0.0527
-0.00727511 -1.56698e-05 0.0528
-0.00608344 -1.57897e-05 0.0529
-0.00489107 -1.58898e-05 0.053
-0.00369817 -1.597e-05 0.0531
-0.00250491 -1.60303e-05 0.0532
-0.00131147 -1.60707e-05 0.0533
-0.000118022 -1.60912e-05 0.0534
0.00107527 -1.60918e-05 0.0535
0.00226823 -1.60726e-05 0.0536
0.00346069 -1.60334e-05 0.0537
0.00465248 -1.59744e-05 0.0538
0.00584341 -1.58955e-05 0.0539
0.00703334 -1.57968e-05 0.054
0.00822207 -1.56783e-05 0.0541
0.00940944 -1.554e-05 0.0542
0.0105953 -1.53819e-05 0.0543
0.0117794 -1.5204e-05 0.0544
0.0129617 -1.50065e-05 0.0545
0.0141419 -1.47892e-05 0.0546
0.0153199 -1.45523e-05 0.0547
0.0164956 -1.42958e-05 0.0548
0.0176686 -1.40197e-05 0.0549
0.018839 -1.37241e-05 0.055
0.0200065 -1.3409e-05 0.0551
0.0211709 -1.30745e-05 0.0552
0.0223321 -1.27205e-05 0.0553
0.0234899 -1.23473e-05 0.0554
0.0246441 -1.19548e-05 0.0555
0.0257947 -1.15431e-05 0.0556
0.0269413 -1.11123e-05 0.0557
0.0280839 -1.06624e-05 0.0558
0.0292222 -1.01935e-05 0.0559
0.0303562 -9.70567e-06 0.056
0.0314856 -9.19897e-06 0.0561
0.0326104 -8.6735e-06 0.0562
0.0337302 -8.12932e-06 0.0563
0.034845 -7.56653e-06 0.0564
0.0359546 -6.98521e-06 0.0565
0.0370589 -6.38544e-06 0.0566
0.0381577 -5.76733e-06 0.0567
0.0392508 -5.13095e-06 0.0568
0.040338 -4.47641e-06 0.0569
0.0414193 -3.8038e-06 0.057
0.0424945 -3.11323e-06 0.0571
0.0435633 -2.4048e-06 0.0572
0.0446257 -1.67862e-06 0.0573
0.0456815 -9.3479e-07 0.0574
0.0467306 -1.7343e-07 0.0575
0.0477727 6.05349e-07 0.0576
0.0488078 1.40143e-06 0.0577
0.0498357 2.2147e-06 0.0578
0.0508562 3.04502e-06 0.0579
0.0518693 3.89229e-06 0.058
0.0528747 4.75636e-06 0.0581
0.0538723 5.63712e-06 0.0582
0.0548619 6.53444e-06 0.0583
0.0558435 7.44817e-06 0.0584
0.0568169 8.37818e-06 0.0585
0.057782 9.32433e-06 0.0586
0.0587385 1.02865e-05 0.0587
0.0596864 1.12645e-05 0.0588
0.0606256 1.22582e-05 0.0589
0.0615558 1.32676e-05 0.059
0.062477 1.42923e-05 0.0591
0.063389 1.53323e-05 0.0592
0.0642917 1.63874e-05 0.0593
0.065185 1.74574e-05 0.0594
0.0660688 1.85423e-05 0.0595
0.0669428 1.96418e-05 0.0596
0.067807 2.07557e-05 0.0597
0.0686613 2.1884e-05 0.0598
0.0695056 2.30264e-05 0.0599
0.0703396 2.41828e-05 0.06
0.0711634 2.5353e-05 0.0601
0.0719767 2.65368e-05 0.0602
0.0727795 2.77341e-05 0.0603
0.0735716 2.89447e-05 0.0604
0.074353 3.01683e-05 0.0605
0.0751235 3.14049e-05 0.0606
0.075883 3.26542e-05 0.0607
0.0766314 3.39161e-05 0.0608
0.0773686 3.51903e-05 0.0609
0.0780945 3.64767e-05 0.061
0.0788089 3.77752e-05 0.0611
0.0795119 3.90854e-05 0.0612
0.0802032 4.04072e-05 0.0613
0.0808828 4.17404e-05 0.0614
0.0815506 4.30848e-05 0.0615
0.0822064 4.44403e-05 0.0616
0.0828503 4.58065e-05 0.0617
0.083482 4.71834e-05 0.0618
0.0841016 4.85707e-05 0.0619
0.0847089 4.99682e-05 0.062
0.0853038 5.13757e-05 0.0621
0.0858862 5.2793e-05 0.0622
0.0864561 5.42199e-05 0.0623
0.0870134 5.56562e-05 0.0624
0.087558 5.71016e-05 0.0625
0.0880898 5.8556e-05 0.0626
0.0886087 6.00192e-05 0.0627
0.0891147 6.14908e-05 0.0628
0.0896078 6.29708e-05 0.0629
0.0900877 6.44589e-05 0.063
0.0905545 6.59548e-05 0.0631
0.0910081 6.74584e-05 0.0632
0.0914484 6.89694e-05 0.0633
0.0918753 7.04877e-05 0.0634
0.0922889 7.20129e-05 0.0635
0.092689 7.35449e-05 0.0636
0.0930755 7.50834e-05 0.0637
0.0934485 7.66283e-05 0.0638
0.0938079 7.81792e-05 0.0639
0.0941536 7.9736e-05 0.064
0.0944856 8.12984e-05 0.0641
0.0948038 8.28663e-05 0.0642
0.0951081 8.44393e-05 0.0643
0.0953986 8.60172e-05 0.0644
0.0956752 8.75999e-05 0.0645
0.0959379 8.9187e-05 0.0646
0.0961865 9.07784e-05 0.0647
0.0964212 9.23737e-05 0.0648
0.0966417 9.39729e-05 0.0649
0.0968482 9.55756e-05 0.065
0.0970406 9.71816e-05 0.0651
0.0972188 9.87907e-05 0.0652
0.0973829 0.000100403 0.0653
0.0975328 0.000102017 0.0654
0.0976684 0.000103634 0.0655
0.0977898 0.000105253 0.0656
0.097897 0.000106874 0.0657
0.0979899 0.000108496 0.0658
0.0980685 0.00011012 0.0659
0.0981328 0.000111746 0.066
0.0981828 0.000113372 0.0661
0.0982185 0.000114998 0.0662
0.0982399 0.000116626 0.0663
0.098247 0.000118253 0.0664
0.0982398 0.000119881 0.0665
0.0982182 0.000121508 0.0666
0.0981824 0.000123134 0.0667
0.0981322 0.00012476 0.0668
0.0980677 0.000126385 0.0669
0.0979889 0.000128009 0.067
0.0978959 0.000129631 0.0671
0.0977886 0.000131252 0.0672
0.097667 0.000132871 0.0673
0.0975312 0.000134487 0.0674
0.0973812 0.000136101 0.0675
0.097217 0.000137713 0.0676
0.0970386 0.000139322 0.0677
0.096846 0.000140927 0.0678
0.0966394 0.000142529 0.0679
0.0964187 0.000144128 0.068
0.0961839 0.000145723 0.0681
0.0959351 0.000147314 0.0682
0.0956723 0.0001489 0.0683
0.0953956 0.000150482 0.0684
0.095105 0.000152059 0.0685
0.0948005 0.000153631 0.0686
0.0944821 0.000155198 0.0687
0.09415 0.00015676 0.0688
0.0938042 0.000158316 0.0689
0.0934447 0.000159866 0.069
0.0930716 0.00016141 0.0691
0.0926849 0.000162948 0.0692
0.0922847 0.000164479 0.0693
0.091871 0.000166003 0.0694
0.0914439 0.00016752 0.0695
0.0910035 0.00016903 0.0696
0.0905499 0.000170533 0.0697
0.090083 0.000172027 0.0698
0.0896029 0.000173514 0.0699
0.0891098 0.000174993 0.07
0.0886037 0.000176463 0.0701
0.0880847 0.000177925 0.0702
0.0875528 0.000179378 0.0703
0.0870082 0.000180823 0.0704
0.0864508 0.000182257 0.0705
0.0858808 0.000183683 0.0706
0.0852983 0.000185099 0.0707
0.0847034 0.000186505 0.0708
0.084096 0.000187901 0.0709
0.0834764 0.000189287 0.071
0.0828446 0.000190662 0.0711
0.0822007 0.000192027 0.0712
0.0815449 0.000193381 0.0713
0.080877 0.000194724 0.0714
0.0801974 0.000196055 0.0715
0.0795061 0.000197375 0.0716
0.0788031 0.000198684 0.0717
0.0780887 0.000199981 0.0718
0.0773628 0.000201265 0.0719
0.0766256 0.000202538 0.072
0.0758772 0.000203798 0.0721
0.0751177 0.000205045 0.0722
0.0743472 0.00020628 0.0723
0.0735659 0.000207502 0.0724
0.0727738 0.000208711 0.0725
0.071971 0.000209906 0.0726
0.0711577 0.000211088 0.0727
0.070334 0.000212256 0.0728
0.0695 0.00021341 0.0729
0.0686558 0.000214551 0.073
0.0678016 0.000215677 0.0731
0.0669375 0.000216789 0.0732
0.0660635 0.000217887 0.0733
0.0651798 0.000218969 0.0734
0.0642866 0.000220037 0.0735
0.063384 0.00022109 0.0736
0.0624721 0.000222128 0.0737
0.061551 0.000223151 0.0738
0.0606209 0.000224158 0.0739
0.0596819 0.00022515 0.074
0.0587341 0.000226125 0.0741
0.0577777 0.000227085 0.0742
0.0568128 0.000228029 0.0743
0.0558396 0.000228957 0.0744
0.0548582 0.000229869 0.0745
0.0538687 0.000230764 0.0746
0.0528712 0.000231642 0.0747
0.051866 0.000232504 0.0748
0.0508532 0.000233349 0.0749
0.0498328 0.000234177 0.075
0.0488052 0.000234988 0.0751
0.0477703 0.000235782 0.0752
0.0467284 0.000236558 0.0753
0.0456796 0.000237317 0.0754
0.044624 0.000238059 0.0755
0.0435619 0.000238782 0.0756
0.0424933 0.000239488 0.0757
0.0414184 0.000240177 0.0758
0.0403374 0.000240847 0.0759
0.0392504 0.000241499 0.076
0.0381576 0.000242133 0.0761
0.0370591 0.000242749 0.0762
0.0359552 0.000243346 0.0763
0.0348459 0.000243925 0.0764
0.0337314 0.000244485 0.0765
0.0326119 0.000245027 0.0766
0.0314875 0.00024555 0.0767
0.0303584 0.000246054 0.0768
0.0292248 0.00024654 0.0769
0.0280868 0.000247006 0.077
0.0269446 0.000247454 0.0771
0.0257983 0.000247882 0.0772
0.0246482 0.000248292 0.0773
0.0234944 0.000248682 0.0774
0.022337 0.000249052 0.0775
0.0211762 0.000249404 0.0776
0.0200122 0.000249736 0.0777
0.0188452 0.000250049 0.0778
0.0176753 0.000250342 0.0779
0.0165026 0.000250616 0.078
0.0153275 0.00025087 0.0781
0.0141499 0.000251104 0.0782
0.0129702 0.000251319 0.0783
0.0117884 0.000251514 0.0784
0.0106048 0.00025169 0.0785
0.00941943 0.000251846 0.0786
0.00823258 0.000251982 0.0787
0.00704437 0.000252098 0.0788
0.00585499 0.000252194 0.0789
0.00466459 0.000252271 0.079
0.00347336 0.000252327 0.0791
0.00228146 0.000252364 0.0792
0.00108907 0.000252381 0.0793
-0.000103639 0.000252378 0.0794
-0.0012965 0.000252356 0.0795
-0.00248934 0.000252313 0.0796
-0.00368199 0.000252251 0.0797
-0.00487427 0.000252168 0.0798
-0.00606602 0.000252066 0.0799
-0.00725705 0.000251944 0.08
-0.00844721 0.000251802 0.0801
-0.00963631 0.00025164 0.0802
-0.0108242 0.000251459 0.0803
-0.0120107 0.000251257 0.0804
-0.0131956 0.000251036 0.0805
-0.0143788 0.000250795 0.0806
-0.0155601 0.000250535 0.0807
-0.0167393 0.000250255 0.0808
-0.0179162 0.000249955 0.0809
-0.0190908 0.000249635 0.081
-0.0202627 0.000249296 0.0811
-0.0214319 0.000248938 0.0812
-0.0225982 0.00024856 0.0813
-0.0237614 0.000248163 0.0814
-0.0249214 0.000247746 0.0815
-0.0260779 0.00024731 0.0816
-0.0272308 0.000246855 0.0817
-0.02838 0.000246381 0.0818
-0.0295252 0.000245887 0.0819
-0.0306664 0.000245375 0.082
-0.0318033 0.000244843 0.0821
-0.0329357 0.000244293 0.0822
-0.0340636 0.000243723 0.0823
-0.0351868 0.000243135 0.0824
-0.0363051 0.000242529 0.0825
-0.0374183 0.000241904 0.0826
-0.0385263 0.00024126 0.0827
-0.0396288 0.000240598 0.0828
-0.0407259 0.000239917 0.0829
-0.0418172 0.000239219 0.083
-0.0429027 0.000238502 0.0831
-0.0439822 0.000237767 0.0832
-0.0450555 0.000237014 0.0833
-0.0461225 0.000236243 0.0834
-0.047183 0.000235455 0.0835
-0.0482369 0.000234649 0.0836
-0.0492839 0.000233826 0.0837
-0.0503241 0.000232985 0.0838
-0.0513572 0.000232127 0.0839
-0.052383 0.000231252 0.084
-0.0534015 0.00023036 0.0841
-0.0544124 0.00022945 0.0842
-0.0554157 0.000228524 0.0843
-0.0564111 0.000227582 0.0844
-0.0573986 0.000226623 0.0845
-0.058378 0.000225647 0.0846
-0.0593491 0.000224656 0.0847
-0.0603119 0.000223648 0.0848
-0.0612661 0.000222624 0.0849
-0.0622117 0.000221585 0.085
-0.0631485 0.000220529 0.0851
-0.0640763 0.000219459 0.0852
-0.0649951 0.000218373 0.0853
-0.0659047 0.000217271 0.0854
-0.0668049 0.000216155 0.0855
-0.0676957 0.000215024 0.0856
-0.0685769 0.000213877 0.0857
-0.0694485 0.000212717 0.0858
-0.0703101 0.000211542 0.0859
-0.0711618 0.000210352 0.086
-0.0720034 0.000209149 0.0861
-0.0728349 0.000207932 0.0862
-0.0736559 0.0002067 0.0863
-0.0744666 0.000205456 0.0864
-0.0752667 0.000204198 0.0865
-0.0760561 0.000202926 0.0866
-0.0768347 0.000201642 0.0867
-0.0776024 0.000200345 0.0868
-0.0783591 0.000199035 0.0869
-0.0791047 0.000197712 0.087
-0.079839 0.000196378 0.0871
-0.0805621 0.000195031 0.0872
-0.0812736 0.000193672 0.0873
-0.0819737 0.000192301 0.0874
-0.0826621 0.000190919 0.0875
-0.0833387 0.000189526 0.0876
-0.0840035 0.000188121 0.0877
-0.0846564 0.000186705 0.0878
-0.0852973 0.000185279 0.0879
-0.085926 0.000183842 0.088
-0.0865425 0.000182395 0.0881
-0.0871467 0.000180938 0.0882
-0.0877385 0.00017947 0.0883
-0.0883179 0.000177993 0.0884
-0.0888847 0.000176506 0.0885
-0.0894389 0.00017501 0.0886
-0.0899803 0.000173505 0.0887
-0.090509 0.000171991 0.0888
-0.0910247 0.000170469 0.0889
-0.0915276 0.000168938 0.089
-0.0920174 0.000167398 0.0891
-0.0924941 0.000165851 0.0892
-0.0929577 0.000164295 0.0893
-0.093408 0.000162733 0.0894
-0.0938451 0.000161162 0.0895
-0.0942687 0.000159585 0.0896
-0.094679 0.000158001 0.0897
-0.0950758 0.00015641 0.0898
-0.0954591 0.000154812 0.0899
-0.0958288 0.000153209 0.09
-0.0961849 0.000151599 0.0901
-0.0965272 0.000149983 0.0902
-0.0968559 0.000148362 0.0903
-0.0971707 0.000146736 0.0904
-0.0974717 0.000145104 0.0905
-0.0977589 0.000143468 0.0906
-0.0980321 0.000141827 0.0907
-0.0982913 0.000140181 0.0908
-0.0985366 0.000138531 0.0909
-0.0987679 0.000136878 0.091
-0.098985 0.00013522 0.0911
-0.0991881 0.000133559 0.0912
-0.0993771 0.000131895 0.0913
-0.0995519 0.000130228 0.0914
-0.0997125 0.000128558 0.0915
-0.099859 0.000126886 0.0916
-0.0999912 0.000125211 0.0917
-0.100109 0.000123534 0.0918
-0.100213 0.000121856 0.0919
-0.100302 0.000120176 0.092
-0.100378 0.000118494 0.0921
-0.100438 0.000116811 0.0922
-0.100485 0.000115128 0.0923
-0.100517 0.000113444 0.0924
-0.100535 0.000111759 0.0925
-0.100539 0.000110074 0.0926
-0.100528 0.00010839 0.0927
-0.100503 0.000106705 0.0928
-0.100464 0.000105022 0.0929
-0.10041 0.000103339 0.093
-0.100342 0.000101657 0.0931
-0.10026 9.9976e-05 0.0932
-0.100164 9.82969e-05 0.0933
-0.100053 9.66194e-05 0.0934
-0.0999278 9.4944e-05 0.0935
-0.0997886 9.32708e-05 0.0936
-0.0996352 9.16e-05 0.0937
-0.0994675 8.9932e-05 0.0938
-0.0992857 8.82669e-05 0.0939
-0.0990898 8.66049e-05 0.094
-0.0988798 8.49464e-05 0.0941
-0.0986557 8.32915e-05 0.0942
-0.0984175 8.16404e-05 0.0943
-0.0981653 7.99935e-05 0.0944
-0.0978992 7.83509e-05 0.0945
-0.0976191 7.67129e-05 0.0946
-0.0973251 7.50797e-05 0.0947
-0.0970172 7.34515e-05 0.0948
-0.0966956 7.18286e-05 0.0949
-0.0963601 7.02112e-05 0.095
-0.096011 6.85995e-05 0.0951
-0.0956482 6.69937e-05 0.0952
-0.0952718 6.53942e-05 0.0953
-0.0948818 6.3801e-05 0.0954
-0.0944783 6.22145e-05 0.0955
-0.0940614 6.06348e-05 0.0956
-0.093631 5.90622e-05 0.0957
-0.0931874 5.7497e-05 0.0958
-0.0927305 5.59392e-05 0.0959
-0.0922604 5.43892e-05 0.096
-0.0917772 5.28471e-05 0.0961
-0.0912809 5.13133e-05 0.0962
-0.0907716 4.97878e-05 0.0963
-0.0902494 4.82709e-05 0.0964
-0.0897144 4.67629e-05 0.0965
-0.0891666 4.52639e-05 0.0966
-0.0886062 4.37742e-05 0.0967
-0.0880331 4.22939e-05 0.0968
-0.0874475 4.08233e-05 0.0969
-0.0868495 3.93626e-05 0.097
-0.0862391 3.7912e-05 0.0971
-0.0856165 3.64716e-05 0.0972
-0.0849817 3.50418e-05 0.0973
-0.0843349 3.36227e-05 0.0974
-0.083676 3.22144e-05 0.0975
-0.0830052 3.08173e-05 0.0976
-0.0823227 2.94314e-05 0.0977
-0.0816284 2.80571e-05 0.0978
-0.0809226 2.66944e-05 0.0979
-0.0802053 2.53436e-05 0.098
-0.0794765 2.40049e-05 0.0981
-0.0787365 2.26784e-05 0.0982
-0.0779853 2.13643e-05 0.0983
-0.0772231 2.00629e-05 0.0984
-0.0764498 1.87743e-05 0.0985
-0.0756658 1.74987e-05 0.0986
-0.0748709 1.62363e-05 0.0987
-0.0740655 1.49872e-05 0.0988
-0.0732495 1.37517e-05 0.0989
-0.0724232 1.25298e-05 0.099
-0.0715866 1.13219e-05 0.0991
-0.0707398 1.01279e-05 0.0992
-0.069883 8.94821e-06 0.0993
-0.0690163 7.78286e-06 0.0994
-0.0681398 6.63206e-06 0.0995
-0.0672537 5.49596e-06 0.0996
-0.066358 4.37471e-06 0.0997
-0.065453 3.26849e-06 0.0998
-0.0645386 2.17745e-06 0.0999
-0.0636152 1.10173e-06 0.1
-0.0626827 4.14905e-08 0.1001
-0.0617414 -1.00312e-06 0.1002
-0.0607913 -2.03196e-06 0.1003
-0.0598326 -3.04487e-06 0.1004
-0.0588655 -4.04173e-06 0.1005
-0.05789 -5.02239e-06 0.1006
-0.0569064 -5.98671e-06 0.1007
-0.0559147 -6.93455e-06 0.1008
-0.0549152 -7.86579e-06 0.1009
-0.0539078 -8.7803e-06 0.101
-0.0528929 -9.67794e-06 0.1011
-0.0518705 -1.05586e-05 0.1012
-0.0508408 -1.14221e-05 0.1013
-0.049804 -1.22684e-05 0.1014
-0.0487601 -1.30974e-05 0.1015
-0.0477094 -1.39089e-05 0.1016
-0.0466519 -1.47028e-05 0.1017
-0.0455879 -1.54791e-05 0.1018
-0.0445175 -1.62375e-05 0.1019
-0.0434408 -1.6978e-05 0.102
-0.042358 -1.77005e-05 0.1021
-0.0412693 -1.8405e-05 0.1022
-0.0401748 -1.90912e-05 0.1023
-0.0390746 -1.97591e-05 0.1024
-0.037969 -2.04086e-05 0.1025
-0.0368581 -2.10397e-05 0.1026
-0.035742 -2.16522e-05 0.1027
-0.034621 -2.2246e-05 0.1028
-0.0334951 -2.28211e-05 0.1029
-0.0323645 -2.33774e-05 0.103
-0.0312295 -2.39148e-05 0.1031
-0.0300901 -2.44333e-05 0.1032
-0.0289465 -2.49327e-05 0.1033
-0.0277989 -2.5413e-05 0.1034
-0.0266474 -2.58741e-05 0.1035
-0.0254923 -2.63161e-05 0.1036
-0.0243337 -2.67387e-05 0.1037
-0.0231717 -2.7142e-05 0.1038
-0.0220065 -2.75259e-05 0.1039
-0.0208383 -2.78903e-05 0.104
-0.0196673 -2.82353e-05 0.1041
-0.0184936 -2.85607e-05 0.1042
-0.0173174 -2.88665e-05 0.1043
-0.0161388 -2.91527e-05 0.1044
-0.0149581 -2.94192e-05 0.1045
-0.0137754 -2.9666e-05 0.1046
-0.0125908 -2.98931e-05 0.1047
-0.0114046 -3.01005e-05 0.1048
-0.0102169 -3.0288e-05 0.1049
-0.00902789 -3.04558e-05 0.105
-0.00783773 -3.06037e-05 0.1051
-0.00664659 -3.07317e-05 0.1052
-0.00545466 -3.08399e-05 0.1053
-0.00426209 -3.09283e-05 0.1054
-0.00306907 -3.09967e-05 0.1055
-0.00187576 -3.10453e-05 0.1056
-0.000682332 -3.1074e-05 0.1057
0.000511039 -3.10827e-05 0.1058
0.00170418 -3.10716e-05 0.1059
0.00289693 -3.10406e-05 0.106
0.0040891 -3.09898e-05 0.1061
0.00528052 -3.09191e-05 0.1062
0.00647104 -3.08285e-05 0.1063
0.00766047 -3.07181e-05 0.1064
0.00884864 -3.05878e-05 0.1065
0.0100354 -3.04378e-05 0.1066
0.0112205 -3.02681e-05 0.1067
0.0124039 -3.00785e-05 0.1068
0.0135853 -2.98693e-05 0.1069
0.0147646 -2.96404e-05 0.107
0.0159417 -2.93919e-05 0.1071
0.0171163 -2.91238e-05 0.1072
0.0182883 -2.88361e-05 0.1073
0.0194574 -2.8529e-05 0.1074
0.0206237 -2.82023e-05 0.1075
0.0217868 -2.78563e-05 0.1076
0.0229466 -2.74909e-05 0.1077
0.0241029 -2.71062e-05 0.1078
0.0252557 -2.67022e-05 0.1079
0.0264046 -2.62791e-05 0.108
0.0275496 -2.58369e-05 0.1081
0.0286905 -2.53756e-05 0.1082
0.0298271 -2.48954e-05 0.1083
0.0309592 -2.43963e-05 0.1084
0.0320867 -2.38783e-05 0.1085
0.0332095 -2.33416e-05 0.1086
0.0343273 -2.27862e-05 0.1087
0.03544 -2.22122e-05 0.1088
0.0365474 -2.16198e-05 0.1089
0.0376495 -2.10089e-05 0.109
0.038746 -2.03797e-05 0.1091
0.0398367 -1.97323e-05 0.1092
0.0409215 -1.90668e-05 0.1093
0.0420003 -1.83833e-05 0.1094
0.0430729 -1.76818e-05 0.1095
0.0441392 -1.69625e-05 0.1096
0.0451989 -1.62255e-05 0.1097
0.046252 -1.54709e-05 0.1098
0.0472982 -1.46988e-05 0.1099
0.0483375 -1.39094e-05 0.11
0.0493697 -1.31027e-05 0.1101
0.0503946 -1.22789e-05 0.1102
0.0514122 -1.1438e-05 0.1103
0.0524221 -1.05803e-05 0.1104
0.0534244 -9.70577e-06 0.1105
0.0544188 -8.81465e-06 0.1106
0.0554052 -7.90703e-06 0.1107
0.0563835 -6.98304e-06 0.1108
0.0573535 -6.04283e-06 0.1109
0.0583151 -5.08653e-06 0.111
0.0592682 -4.11428e-06 0.1111
0.0602125 -3.12624e-06 0.1112
0.0611481 -2.12253e-06 0.1113
0.0620747 -1.10332e-06 0.1114
0.0629921 -6.87583e-08 0.1115
0.0639004 9.81012e-07 0.1116
0.0647993 2.04583e-06 0.1117
0.0656888 3.12554e-06 0.1118
0.0665686 4.21998e-06 0.1119
0.0674387 5.329e-06 0.112
0.0682989 6.45242e-06 0.1121
0.0691491 7.59008e-06 0.1122
0.0699893 8.74182e-06 0.1123
0.0708192 9.90746e-06 0.1124
0.0716387 1.10868e-05 0.1125
0.0724478 1.22798e-05 0.1126
0.0732463 1.34861e-05 0.1127
0.0740341 1.47056e-05 0.1128
0.0748111 1.59382e-05 0.1129
0.0755771 1.71836e-05 0.113
0.0763322 1.84416e-05 0.1131
0.077076 1.97122e-05 0.1132
0.0778087 2.0995e-05 0.1133
0.0785299 2.22899e-05 0.1134
0.0792398 2.35968e-05 0.1135
0.079938 2.49153e-05 0.1136
0.0806246 2.62454e-05 0.1137
0.0812994 2.75869e-05 0.1138
0.0819624 2.89394e-05 0.1139
0.0826134 3.03029e-05 0.114
0.0832524 3.16771e-05 0.1141
0.0838792 3.30619e-05 0.1142
0.0844938 3.4457e-05 0.1143
0.0850961 3.58622e-05 0.1144
0.085686 3.72773e-05 0.1145
0.0862634 3.87022e-05 0.1146
0.0868282 4.01365e-05 0.1147
0.0873803 4.15802e-05 0.1148
0.0879198 4.30329e-05 0.1149
0.0884464 4.44945e-05 0.115
0.0889601 4.59648e-05 0.1151
0.0894609 4.74435e-05 0.1152
0.0899486 4.89304e-05 0.1153
0.0904232 5.04253e-05 0.1154
0.0908847 5.1928e-05 0.1155
0.0913329 5.34383e-05 0.1156
0.0917678 5.49559e-05 0.1157
0.0921894 5.64806e-05 0.1158
0.0925975 5.80122e-05 0.1159
0.0929922 5.95505e-05 0.116
0.0933733 6.10953e-05 0.1161
0.0937408 6.26463e-05 0.1162
0.0940946 6.42032e-05 0.1163
0.0944348 6.5766e-05 0.1164
0.0947612 6.73342e-05 0.1165
0.0950738 6.89078e-05 0.1166
0.0953726 7.04865e-05 0.1167
0.0956575 7.207e-05 0.1168
0.0959284 7.36581e-05 0.1169
0.0961854 7.52506e-05 0.117
0.0964284 7.68473e-05 0.1171
0.0966574 7.84479e-05 0.1172
0.0968723 8.00521e-05 0.1173
0.0970731 8.16598e-05 0.1174
0.0972597 8.32707e-05 0.1175
0.0974322 8.48846e-05 0.1176
0.0975906 8.65013e-05 0.1177
0.0977347 8.81204e-05 0.1178
0.0978646 8.97418e-05 0.1179
0.0979803 9.13653e-05 0.118
0.0980817 9.29905e-05 0.1181
0.0981688 9.46173e-05 0.1182
0.0982416 9.62454e-05 0.1183
0.0983002 9.78745e-05 0.1184
0.0983444 9.95046e-05 0.1185
0.0983744 0.000101135 0.1186
0.09839 0.000102766 0.1187
0.0983913 0.000104397 0.1188
0.0983783 0.000106028 0.1189
0.0983509 0.000107659 0.119
0.0983093 0.000109289 0.1191
0.0982533 0.000110918 0.1192
0.0981831 0.000112546 0.1193
0.0980985 0.000114173 0.1194
0.0979997 0.000115798 0.1195
0.0978866 0.000117422 0.1196
0.0977593 0.000119043 0.1197
0.0976178 0.000120663 0.1198
0.097462 0.000122279 0.1199
0.0972921 0.000123893 0.12
0.097108 0.000125505 0.1201
0.0969098 0.000127112 0.1202
0.0966974 0.000128717 0.1203
0.096471 0.000130317 0.1204
0.0962306 0.000131914 0.1205
0.0959761 0.000133507 0.1206
0.0957077 0.000135095 0.1207
0.0954254 0.000136679 0.1208
0.0951291 0.000138258 0.1209
0.094819 0.000139832 0.121
0.0944951 0.0001414 0.1211
0.0941575 0.000142963 0.1212
0.0938062 0.00014452 0.1213
0.0934411 0.000146072 0.1214
0.0930625 0.000147617 0.1215
0.0926704 0.000149155 0.1216
0.0922647 0.000150687 0.1217
0.0918456 0.000152212 0.1218
0.0914132 0.00015373 0.1219
0.0909674 0.000155241 0.122
0.0905084 0.000156744 0.1221
0.0900361 0.000158239 0.1222
0.0895508 0.000159726 0.1223
0.0890525 0.000161205 0.1224
0.0885411 0.000162676 0.1225
0.0880169 0.000164138 0.1226
0.0874799 0.000165591 0.1227
0.0869301 0.000167035 0.1228
0.0863676 0.00016847 0.1229
0.0857925 0.000169895 0.123
0.085205 0.000171311 0.1231
0.084605 0.000172716 0.1232
0.0839927 0.000174112 0.1233
0.0833682 0.000175497 0.1234
0.0827315 0.000176872 0.1235
0.0820827 0.000178236 0.1236
0.081422 0.000179589 0.1237
0.0807494 0.000180931 0.1238
0.080065 0.000182262 0.1239
0.079369 0.000183581 0.124
0.0786614 0.000184888 0.1241
0.0779423 0.000186183 0.1242
0.0772118 0.000187467 0.1243
0.0764701 0.000188738 0.1244
0.0757172 0.000189997 0.1245
0.0749532 0.000191243 0.1246
0.0741783 0.000192476 0.1247
0.0733926 0.000193696 0.1248
0.0725962 0.000194903 0.1249
0.0717892 0.000196096 0.125
0.0709716 0.000197276 0.1251
0.0701438 0.000198443 0.1252
0.0693056 0.000199595 0.1253
0.0684574 0.000200734 0.1254
0.0675991 0.000201858 0.1255
0.066731 0.000202967 0.1256
0.0658531 0.000204063 0.1257
0.0649655 0.000205143 0.1258
0.0640685 0.000206209 0.1259
0.0631621 0.000207259 0.126
0.0622464 0.000208294 0.1261
0.0613217 0.000209314 0.1262
0.0603879 0.000210319 0.1263
0.0594454 0.000211308 0.1264
0.0584941 0.000212281 0.1265
0.0575342 0.000213238 0.1266
0.0565659 0.000214179 0.1267
0.0555894 0.000215104 0.1268
0.0546046 0.000216012 0.1269
0.0536119 0.000216904 0.127
0.0526113 0.00021778 0.1271
0.051603 0.000218638 0.1272
0.0505871 0.00021948 0.1273
0.0495637 0.000220305 0.1274
0.0485331 0.000221112 0.1275
0.0474954 0.000221903 0.1276
0.0464506 0.000222676 0.1277
0.045399 0.000223431 0.1278
0.0443408 0.000224169 0.1279
0.043276 0.000224889 0.128
0.0422048 0.000225592 0.1281
0.0411274 0.000226276 0.1282
0.040044 0.000226943 0.1283
0.0389546 0.000227591 0.1284
0.0378595 0.000228222 0.1285
0.0367588 0.000228833 0.1286
0.0356526 0.000229427 0.1287
0.0345412 0.000230002 0.1288
0.0334246 0.000230558 0.1289
0.0323031 0.000231096 0.129
0.0311768 0.000231615 0.1291
0.0300458 0.000232116 0.1292
0.0289104 0.000232597 0.1293
0.0277706 0.000233059 0.1294
0.0266268 0.000233503 0.1295
0.0254789 0.000233927 0.1296
0.0243272 0.000234332 0.1297
0.0231719 0.000234718 0.1298
0.0220131 0.000235085 0.1299
0.020851 0.000235432 0.13
0.0196857 0.00023576 0.1301
0.0185175 0.000236068 0.1302
0.0173464 0.000236357 0.1303
0.0161727 0.000236627 0.1304
0.0149965 0.000236876 0.1305
0.0138181 0.000237106 0.1306
0.0126374 0.000237317 0.1307
0.0114549 0.000237508 0.1308
0.0102705 0.000237679 0.1309
0.00908448 0.00023783 0.131
0.00789702 0.000237962 0.1311
0.00670829 0.000238074 0.1312
0.00551844 0.000238166 0.1313
0.00432766 0.000238238 0.1314
0.0031361 0.00023829 0.1315
0.00194395 0.000238322 0.1316
0.000751376 0.000238335 0.1317
-0.000441453 0.000238328 0.1318
-0.00163436 0.0002383 0.1319
-0.00282718 0.000238253 0.132
-0.00401974 0.000238186 0.1321
-0.00521186 0.000238099 0.1322
-0.00640338 0.000237993 0.1323
-0.00759411 0.000237866 0.1324
-0.0087839 0.00023772 0.1325
-0.00997257 0.000237554 0.1326
-0.01116 0.000237368 0.1327
-0.0123459 0.000237162 0.1328
-0.0135301 0.000236936 0.1329
-0.0147126 0.000236691 0.133
-0.0158931 0.000236426 0.1331
-0.0170715 0.000236142 0.1332
-0.0182475 0.000235838 0.1333
-0.0194211 0.000235514 0.1334
-0.020592 0.000235171 0.1335
-0.0217601 0.000234808 0.1336
-0.0229252 0.000234426 0.1337
-0.0240871 0.000234024 0.1338
-0.0252458 0.000233603 0.1339
-0.0264009 0.000233163 0.134
-0.0275524 0.000232703 0.1341
-0.0287 0.000232225 0.1342
-0.0298437 0.000231727 0.1343
-0.0309832 0.000231211 0.1344
-0.0321183 0.000230675 0.1345
-0.033249 0.000230121 0.1346
-0.0343751 0.000229547 0.1347
-0.0354964 0.000228955 0.1348
-0.0366126 0.000228345 0.1349
-0.0377238 0.000227715 0.135
-0.0388297 0.000227068 0.1351
-0.0399301 0.000226402 0.1352
-0.0410249 0.000225718 0.1353
-0.042114 0.000225015 0.1354
-0.0431971 0.000224294 0.1355
-0.0442741 0.000223556 0.1356
-0.045345 0.000222799 0.1357
-0.0464094 0.000222025 0.1358
-0.0474673 0.000221233 0.1359
-0.0485185 0.000220424 0.136
-0.0495628 0.000219597 0.1361
-0.0506002 0.000218753 0.1362
-0.0516304 0.000217891 0.1363
-0.0526534 0.000217013 0.1364
-0.0536689 0.000216117 0.1365
-0.0546768 0.000215205 0.1366
-0.0556769 0.000214275 0.1367
-0.0566692 0.00021333 0.1368
-0.0576535 0.000212368 0.1369
-0.0586297 0.000211389 0.137
-0.0595975 0.000210394 0.1371
-0.0605569 0.000209384 0.1372
-0.0615077 0.000208357 0.1373
-0.0624498 0.000207315 0.1374
-0.063383 0.000206257 0.1375
-0.0643073 0.000205183 0.1376
-0.0652224 0.000204094 0.1377
-0.0661283 0.00020299 0.1378
-0.0670248 0.000201872 0.1379
-0.0679118 0.000200738 0.138
-0.0687892 0.000199589 0.1381
-0.0696568 0.000198426 0.1382
-0.0705145 0.000197249 0.1383
-0.0713622 0.000196057 0.1384
-0.0721998 0.000194852 0.1385
-0.0730271 0.000193632 0.1386
-0.0738441 0.000192399 0.1387
-0.0746505 0.000191153 0.1388
-0.0754464 0.000189893 0.1389
-0.0762315 0.000188619 0.139
-0.0770058 0.000187333 0.1391
-0.0777691 0.000186034 0.1392
-0.0785214 0.000184723 0.1393
-0.0792626 0.000183399 0.1394
-0.0799924 0.000182063 0.1395
-0.0807109 0.000180714 0.1396
-0.0814179 0.000179354 0.1397
-0.0821133 0.000177983 0.1398
-0.082797 0.000176599 0.1399
-0.083469 0.000175205 0.14
-0.084129 0.000173799 0.1401
-0.0847771 0.000172383 0.1402
-0.0854132 0.000170956 0.1403
-0.086037 0.000169518 0.1404
-0.0866487 0.00016807 0.1405
-0.0872479 0.000166612 0.1406
-0.0878348 0.000165144 0.1407
-0.0884092 0.000163667 0.1408
-0.088971 0.00016218 0.1409
-0.0895201 0.000160683 0.141
-0.0900564 0.000159178 0.1411
-0.0905799 0.000157664 0.1412
-0.0910906 0.000156141 0.1413
-0.0915882 0.00015461 0.1414
-0.0920728 0.000153071 0.1415
-0.0925443 0.000151524 0.1416
-0.0930026 0.000149969 0.1417
-0.0934477 0.000148407 0.1418
-0.0938794 0.000146837 0.1419
-0.0942977 0.00014526 0.142
-0.0947027 0.000143677 0.1421
-0.0950941 0.000142087 0.1422
-0.095472 0.00014049 0.1423
-0.0958362 0.000138887 0.1424
-0.0961868 0.000137279 0.1425
-0.0965237 0.000135664 0.1426
-0.0968469 0.000134044 0.1427
-0.0971562 0.000132419 0.1428
-0.0974517 0.000130789 0.1429
-0.0977333 0.000129154 0.143
-0.0980009 0.000127515 0.1431
-0.0982546 0.000125871 0.1432
-0.0984943 0.000124223 0.1433
-0.0987199 0.000122571 0.1434
-0.0989315 0.000120916 0.1435
-0.099129 0.000119257 0.1436
-0.0993123 0.000117595 0.1437
-0.0994814 0.00011593 0.1438
-0.0996364 0.000114263 0.1439
-0.0997772 0.000112593 0.144
-0.0999037 0.000110921 0.1441
-0.100016 0.000109246 0.1442
-0.100114 0.000107571 0.1443
-0.100198 0.000105893 0.1444
-0.100267 0.000104215 0.1445
-0.100322 0.000102535 0.1446
-0.100363 0.000100855 0.1447
-0.10039 9.91736e-05 0.1448
-0.100402 9.74923e-05 0.1449
-0.1004 9.5811e-05 0.145
-0.100384 9.41298e-05 0.1451
-0.100353 9.24491e-05 0.1452
-0.100308 9.0769e-05 0.1453
-0.100249 8.90898e-05 0.1454
-0.100175 8.74118e-05 0.1455
-0.100087 8.57351e-05 0.1456
-0.0999849 8.406e-05 0.1457
-0.0998685 8.23867e-05 0.1458
-0.0997378 8.07155e-05 0.1459
-0.0995929 7.90467e-05 0.146
-0.0994338 7.73804e-05 0.1461
-0.0992605 7.57169e-05 0.1462
-0.0990731 7.40564e-05 0.1463
-0.0988715 7.23992e-05 0.1464
-0.0986558 7.07454e-05 0.1465
-0.0984261 6.90954e-05 0.1466
-0.0981824 6.74494e-05 0.1467
-0.0979246 6.58076e-05 0.1468
-0.0976529 6.41702e-05 0.1469
-0.0973672 6.25374e-05 0.147
-0.0970677 6.09096e-05 0.1471
-0.0967544 5.92869e-05 0.1472
-0.0964272 5.76695e-05 0.1473
-0.0960863 5.60578e-05 0.1474
-0.0957317 5.44518e-05 0.1475
-0.0953635 5.28519e-05 0.1476
-0.0949816 5.12583e-05 0.1477
-0.0945863 4.96711e-05 0.1478
-0.0941774 4.80907e-05 0.1479
-0.0937551 4.65173e-05 0.148
-0.0933195 4.49509e-05 0.1481
-0.0928705 4.3392e-05 0.1482
-0.0924084 4.18407e-05 0.1483
-0.091933 4.02973e-05 0.1484
-0.0914446 3.87618e-05 0.1485
-0.0909431 3.72347e-05 0.1486
-0.0904287 3.5716e-05 0.1487
-0.0899014 3.4206e-05 0.1488
-0.0893613 3.2705e-05 0.1489
-0.0888084 3.12131e-05 0.149
-0.0882429 2.97305e-05 0.1491
-0.0876649 2.82574e-05 0.1492
-0.0870743 2.67941e-05 0.1493
-0.0864714 2.53408e-05 0.1494
-0.0858561 2.38976e-05 0.1495
-0.0852286 2.24649e-05 0.1496
-0.084589 2.10426e-05 0.1497
-0.0839374 1.96312e-05 0.1498
-0.0832737 1.82308e-05 0.1499
-0.0825983 1.68415e-05 0.15
-0.0819111 1.54636e-05 0.1501
-0.0812122 1.40972e-05 0.1502
-0.0805018 1.27427e-05 0.1503
-0.0797799 1.14e-05 0.1504
-0.0790466 1.00696e-05 0.1505
-0.0783022 8.75142e-06 0.1506
-0.0775465 7.44578e-06 0.1507
-0.0767799 6.15285e-06 0.1508
-0.0760023 4.8728e-06 0.1509
-0.075214 3.60581e-06 0.151
-0.0744149 2.35207e-06 0.1511
-0.0736053 1.11175e-06 0.1512
-0.0727852 -1.14972e-07 0.1513
-0.0719547 -1.32793e-06 0.1514
-0.071114 -2.52694e-06 0.1515
-0.0702633 -3.71185e-06 0.1516
-0.0694025 -4.88247e-06 0.1517
-0.0685319 -6.03866e-06 0.1518
-0.0676516 -7.18024e-06 0.1519
-0.0667616 -8.30706e-06 0.152
-0.0658622 -9.41895e-06 0.1521
-0.0649535 -1.05158e-05 0.1522
-0.0640355 -1.15973e-05 0.1523
-0.0631084 -1.26635e-05 0.1524
-0.0621724 -1.37142e-05 0.1525
-0.0612276 -1.47491e-05 0.1526
-0.0602741 -1.57682e-05 0.1527
-0.059312 -1.67714e-05 0.1528
-0.0583416 -1.77584e-05 0.1529
-0.0573628 -1.87292e-05 0.153
-0.056376 -1.96836e-05 0.1531
-0.0553812 -2.06215e-05 0.1532
-0.0543785 -2.15427e-05 0.1533
-0.0533682 -2.24471e-05 0.1534
-0.0523503 -2.33346e-05 0.1535
-0.051325 -2.42051e-05 0.1536
-0.0502924 -2.50584e-05 0.1537
-0.0492528 -2.58944e-05 0.1538
-0.0482061 -2.67131e-05 0.1539
-0.0471527 -2.75142e-05 0.154
-0.0460926 -2.82977e-05 0.1541
-0.0450261 -2.90635e-05 0.1542
-0.0439532 -2.98114e-05 0.1543
-0.042874 -3.05414e-05 0.1544
-0.0417889 -3.12534e-05 0.1545
-0.0406979 -3.19472e-05 0.1546
-0.0396011 -3.26228e-05 0.1547
-0.0384988 -3.328e-05 0.1548
-0.0373911 -3.39188e-05 0.1549
-0.0362781 -3.45391e-05 0.155
-0.03516 -3.51408e-05 0.1551
-0.034037 -3.57238e-05 0.1552
-0.0329093 -3.62881e-05 0.1553
-0.0317769 -3.68335e-05 0.1554
-0.0306401 -3.736e-05 0.1555
-0.0294991 -3.78675e-05 0.1556
-0.0283539 -3.83559e-05 0.1557
-0.0272048 -3.88252e-05 0.1558
-0.0260519 -3.92754e-05 0.1559
-0.0248953 -3.97062e-05 0.156
-0.0237354 -4.01178e-05 0.1561
-0.0225721 -4.051e-05 0.1562
-0.0214057 -4.08828e-05 0.1563
-0.0202364 -4.12361e-05 0.1564
-0.0190643 -4.15699e-05 0.1565
-0.0178896 -4.18842e-05 0.1566
-0.0167125 -4.21788e-05 0.1567
-0.0155331 -4.24538e-05 0.1568
-0.0143516 -4.27091e-05 0.1569
-0.0131681 -4.29447e-05 0.157
-0.0119829 -4.31606e-05 0.1571
-0.0107961 -4.33567e-05 0.1572
-0.00960791 -4.3533e-05 0.1573
-0.00841845 -4.36895e-05 0.1574
-0.00722791 -4.38262e-05 0.1575
-0.00603647 -4.3943e-05 0.1576
-0.0048443 -4.40399e-05 0.1577
-0.00365156 -4.4117e-05 0.1578
-0.00245843 -4.41741e-05 0.1579
-0.00126509 -4.42114e-05 0.158
-7.16958e-05 -4.42288e-05 0.1581
0.00112157 -4.42263e-05 0.1582
0.00231454 -4.4204e-05 0.1583
0.00350704 -4.41617e-05 0.1584
0.0046989 -4.40996e-05 0.1585
0.00588995 -4.40176e-05 0.1586
0.00708002 -4.39158e-05 0.1587
0.00826893 -4.37941e-05 0.1588
0.00945651 -4.36527e-05 0.1589
0.0106426 -4.34914e-05 0.159
0.011827 -4.33105e-05 0.1591
0.0130096 -4.31097e-05 0.1592
0.0141902 -4.28894e-05 0.1593
0.0153686 -4.26493e-05 0.1594
0.0165446 -4.23896e-05 0.1595
0.0177181 -4.21104e-05 0.1596
0.018889 -4.18116e-05 0.1597
0.020057 -4.14933e-05 0.1598
0.0212219 -4.11556e-05 0.1599
0.0223837 -4.07985e-05 0.16
0.0235421 -4.04221e-05 0.1601
0.024697 -4.00264e-05 0.1602
0.0258482 -3.96115e-05 0.1603
0.0269956 -3.91774e-05 0.1604
0.0281389 -3.87243e-05 0.1605
0.029278 -3.82521e-05 0.1606
0.0304128 -3.7761e-05 0.1607
0.0315431 -3.7251e-05 0.1608
0.0326687 -3.67223e-05 0.1609
0.0337894 -3.61748e-05 0.161
0.0349052 -3.56087e-05 0.1611
0.0360158 -3.5024e-05 0.1612
0.037121 -3.44209e-05 0.1613
0.0382208 -3.37994e-05 0.1614
0.039315 -3.31596e-05 0.1615
0.0404033 -3.25017e-05 0.1616
0.0414857 -3.18257e-05 0.1617
0.042562 -3.11316e-05 0.1618
0.0436321 -3.04198e-05 0.1619
0.0446957 -2.96901e-05 0.162
0.0457527 -2.89428e-05 0.1621
0.0468031 -2.81779e-05 0.1622
0.0478465 -2.73956e-05 0.1623
0.0488829 -2.65959e-05 0.1624
0.0499122 -2.57791e-05 0.1625
0.0509341 -2.49451e-05 0.1626
0.0519486 -2.40942e-05 0.1627
0.0529554 -2.32265e-05 0.1628
0.0539545 -2.23421e-05 0.1629
0.0549457 -2.14411e-05 0.163
0.0559289 -2.05236e-05 0.1631
0.0569038 -1.95898e-05 0.1632
0.0578704 -1.86399e-05 0.1633
0.0588286 -1.76739e-05 0.1634
0.0597781 -1.66921e-05 0.1635
0.060719 -1.56945e-05 0.1636
0.0616509 -1.46813e-05 0.1637
0.0625738 -1.36527e-05 0.1638
0.0634876 -1.26087e-05 0.1639
0.0643921 -1.15497e-05 0.164
0.0652872 -1.04756e-05 0.1641
0.0661728 -9.38672e-06 0.1642
0.0670487 -8.28317e-06 0.1643
0.0679148 -7.16512e-06 0.1644
0.068771 -6.03272e-06 0.1645
0.0696171 -4.88615e-06 0.1646
0.0704531 -3.72557e-06 0.1647
0.0712789 -2.55116e-06 0.1648
0.0720942 -1.36308e-06 0.1649
0.072899 -1.61521e-07 0.165
0.0736932 1.05335e-06 0.1651
0.0744766 2.28136e-06 0.1652
0.0752492 3.52233e-06 0.1653
0.0760108 4.77606e-06 0.1654
0.0767614 6.04238e-06 0.1655
0.0775007 7.32111e-06 0.1656
0.0782288 8.61205e-06 0.1657
0.0789454 9.91501e-06 0.1658
0.0796506 1.12298e-05 0.1659
0.0803441 1.25563e-05 0.166
0.081026 1.38941e-05 0.1661
0.081696 1.52433e-05 0.1662
0.0823542 1.66035e-05 0.1663
0.0830003 1.79745e-05 0.1664
0.0836344 1.93562e-05 0.1665
0.0842563 2.07484e-05 0.1666
0.084866 2.21508e-05 0.1667
0.0854632 2.35632e-05 0.1668
0.0860481 2.49855e-05 0.1669
0.0866204 2.64174e-05 0.167
0.0871801 2.78587e-05 0.1671
0.0877271 2.93093e-05 0.1672
0.0882614 3.07688e-05 0.1673
0.0887828 3.22371e-05 0.1674
0.0892913 3.3714e-05 0.1675
0.0897868 3.51992e-05 0.1676
0.0902693 3.66926e-05 0.1677
0.0907386 3.81939e-05 0.1678
0.0911947 3.97029e-05 0.1679
0.0916376 4.12193e-05 0.168
0.0920671 4.2743e-05 0.1681
0.0924833 4.42738e-05 0.1682
0.092886 4.58113e-05 0.1683
0.0932752 4.73554e-05 0.1684
0.0936508 4.89059e-05 0.1685
0.0940128 5.04625e-05 0.1686
0.0943611 5.2025e-05 0.1687
0.0946957 5.35932e-05 0.1688
0.0950166 5.51669e-05 0.1689
0.0953236 5.67457e-05 0.169
0.0956168 5.83296e-05 0.1691
0.095896 5.99182e-05 0.1692
0.0961614 6.15113e-05 0.1693
0.0964127 6.31087e-05 0.1694
0.0966501 6.47101e-05 0.1695
0.0968734 6.63154e-05 0.1696
0.0970826 6.79243e-05 0.1697
0.0972777 6.95365e-05 0.1698
0.0974586 7.11518e-05 0.1699
0.0976254 7.27701e-05 0.17
0.097778 7.43909e-05 0.1701
0.0979164 7.60142e-05 0.1702
0.0980406 7.76396e-05 0.1703
0.0981505 7.9267e-05 0.1704
0.0982461 8.08961e-05 0.1705
0.0983275 8.25266e-05 0.1706
0.0983946 8.41584e-05 0.1707
0.0984473 8.57911e-05 0.1708
0.0984858 8.74246e-05 0.1709
0.09851 8.90586e-05 0.171
0.0985198 9.06928e-05 0.1711
0.0985153 9.23271e-05 0.1712
0.0984965 9.39611e-05 0.1713
0.0984634 9.55948e-05 0.1714
0.098416 9.72277e-05 0.1715
0.0983543 9.88597e-05 0.1716
0.0982783 0.000100491 0.1717
0.098188 0.00010212 0.1718
0.0980834 0.000103748 0.1719
0.0979646 0.000105374 0.172
0.0978315 0.000106997 0.1721
0.0976842 0.000108619 0.1722
0.0975227 0.000110238 0.1723
0.0973471 0.000111854 0.1724
0.0971573 0.000113467 0.1725
0.0969534 0.000115076 0.1726
0.0967354 0.000116683 0.1727
0.0965033 0.000118285 0.1728
0.0962572 0.000119883 0.1729
0.0959971 0.000121477 0.173
0.0957231 0.000123067 0.1731
0.0954351 0.000124652 0.1732
0.0951333 0.000126232 0.1733
0.0948176 0.000127807 0.1734
0.0944882 0.000129376 0.1735
0.094145 0.00013094 0.1736
0.0937881 0.000132498 0.1737
0.0934176 0.00013405 0.1738
0.0930335 0.000135596 0.1739
0.0926359 0.000137135 0.174
0.0922248 0.000138667 0.1741
0.0918003 0.000140193 0.1742
0.0913625 0.000141711 0.1743
0.0909113 0.000143222 0.1744
0.090447 0.000144725 0.1745
0.0899695 0.00014622 0.1746
0.0894789 0.000147707 0.1747
0.0889753 0.000149186 0.1748
0.0884587 0.000150656 0.1749
0.0879293 0.000152118 0.175
0.0873871 0.000153571 0.1751
0.0868322 0.000155014 0.1752
0.0862646 0.000156448 0.1753
0.0856845 0.000157873 0.1754
0.0850919 0.000159288 0.1755
0.084487 0.000160692 0.1756
0.0838697 0.000162087 0.1757
0.0832403 0.000163471 0.1758
0.0825987 0.000164845 0.1759
0.0819451 0.000166208 0.176
0.0812796 0.000167559 0.1761
0.0806022 0.0001689 0.1762
0.0799131 0.000170229 0.1763
0.0792124 0.000171547 0.1764
0.0785001 0.000172852 0.1765
0.0777764 0.000174146 0.1766
0.0770414 0.000175428 0.1767
0.0762951 0.000176697 0.1768
0.0755377 0.000177954 0.1769
0.0747693 0.000179198 0.177
0.0739901 0.000180429 0.1771
0.0732 0.000181647 0.1772
0.0723993 0.000182852 0.1773
0.071588 0.000184043 0.1774
0.0707663 0.000185221 0.1775
0.0699342 0.000186385 0.1776
0.069092 0.000187534 0.1777
0.0682397 0.00018867 0.1778
0.0673774 0.000189792 0.1779
0.0665053 0.000190899 0.178
0.0656235 0.000191991 0.1781
0.0647321 0.000193069 0.1782
0.0638312 0.000194131 0.1783
0.0629211 0.000195179 0.1784
0.0620017 0.000196211 0.1785
0.0610733 0.000197228 0.1786
0.060136 0.00019823 0.1787
0.0591899 0.000199215 0.1788
0.0582351 0.000200185 0.1789
0.0572718 0.000201139 0.179
0.0563002 0.000202077 0.1791
0.0553203 0.000202998 0.1792
0.0543323 0.000203903 0.1793
0.0533363 0.000204791 0.1794
0.0523326 0.000205663 0.1795
0.0513212 0.000206518 0.1796
0.0503022 0.000207356 0.1797
0.0492759 0.000208177 0.1798
0.0482424 0.000208981 0.1799
0.0472018 0.000209768 0.18
0.0461543 0.000210537 0.1801
0.0451 0.000211288 0.1802
0.044039 0.000212022 0.1803
0.0429716 0.000212739 0.1804
0.0418979 0.000213437 0.1805
0.040818 0.000214117 0.1806
0.0397322 0.00021478 0.1807
0.0386404 0.000215424 0.1808
0.037543 0.00021605 0.1809
0.0364401 0.000216658 0.181
0.0353317 0.000217247 0.1811
0.0342182 0.000217818 0.1812
0.0330996 0.00021837 0.1813
0.0319761 0.000218903 0.1814
0.0308478 0.000219418 0.1815
0.0297151 0.000219914 0.1816
0.0285778 0.00022039 0.1817
0.0274364 0.000220848 0.1818
0.0262909 0.000221287 0.1819
0.0251414 0.000221707 0.182
0.0239882 0.000222107 0.1821
0.0228315 0.000222489 0.1822
0.0216713 0.000222851 0.1823
0.0205078 0.000223193 0.1824
0.0193413 0.000223516 0.1825
0.0181719 0.00022382 0.1826
0.0169997 0.000224104 0.1827
0.015825 0.000224369 0.1828
0.0146478 0.000224614 0.1829
0.0134684 0.000224839 0.183
0.012287 0.000225045 0.1831
0.0111036 0.000225231 0.1832
0.00991856 0.000225397 0.1833
0.00873192 0.000225544 0.1834
0.00754391 0.00022567 0.1835
0.00635467 0.000225777 0.1836
0.0051644 0.000225864 0.1837
0.00397325 0.000225932 0.1838
0.00278141 0.000225979 0.1839
0.00158903 0.000226007 0.184
0.000396306 0.000226014 0.1841
-0.000796607 0.000226002 0.1842
-0.00198953 0.00022597 0.1843
-0.0031823 0.000225918 0.1844
-0.00437473 0.000225846 0.1845
-0.00556666 0.000225754 0.1846
-0.00675792 0.000225643 0.1847
-0.00794833 0.000225511 0.1848
-0.00913772 0.00022536 0.1849
-0.0103259 0.000225189 0.185
-0.0115128 0.000224998 0.1851
-0.0126981 0.000224788 0.1852
-0.0138817 0.000224557 0.1853
-0.0150634 0.000224307 0.1854
-0.0162431 0.000224037 0.1855
-0.0174206 0.000223748 0.1856
-0.0185957 0.000223439 0.1857
-0.0197682 0.000223111 0.1858
-0.0209381 0.000222763 0.1859
-0.022105 0.000222395 0.186
-0.0232689 0.000222008 0.1861
-0.0244296 0.000221602 0.1862
-0.0255868 0.000221176 0.1863
-0.0267405 0.000220731 0.1864
-0.0278905 0.000220267 0.1865
-0.0290366 0.000219784 0.1866
-0.0301787 0.000219282 0.1867
-0.0313165 0.000218761 0.1868
-0.0324499 0.000218221 0.1869
-0.0335788 0.000217662 0.187
-0.034703 0.000217084 0.1871
-0.0358223 0.000216488 0.1872
-0.0369366 0.000215873 0.1873
-0.0380457 0.000215239 0.1874
-0.0391494 0.000214587 0.1875
-0.0402476 0.000213917 0.1876
-0.0413402 0.000213228 0.1877
-0.0424269 0.000212522 0.1878
-0.0435076 0.000211797 0.1879
-0.0445822 0.000211054 0.188
-0.0456505 0.000210294 0.1881
-0.0467124 0.000209515 0.1882
-0.0477677 0.000208719 0.1883
-0.0488162 0.000207906 0.1884
-0.0498578 0.000207075 0.1885
-0.0508923 0.000206227 0.1886
-0.0519197 0.000205362 0.1887
-0.0529397 0.000204479 0.1888
-0.0539522 0.00020358 0.1889
-0.054957 0.000202664 0.189
-0.0559541 0.000201731 0.1891
-0.0569432 0.000200782 0.1892
-0.0579243 0.000199816 0.1893
-0.0588971 0.000198834 0.1894
-0.0598616 0.000197836 0.1895
-0.0608176 0.000196822 0.1896
-0.0617649 0.000195792 0.1897
-0.0627035 0.000194747 0.1898
-0.0636332 0.000193685 0.1899
-0.0645539 0.000192609 0.19
-0.0654654 0.000191517 0.1901
-0.0663675 0.00019041 0.1902
-0.0672603 0.000189288 0.1903
-0.0681435 0.000188151 0.1904
-0.069017 0.000187 0.1905
-0.0698806 0.000185834 0.1906
-0.0707344 0.000184654 0.1907
-0.0715781 0.00018346 0.1908
-0.0724116 0.000182252 0.1909
-0.0732348 0.00018103 0.191
-0.0740476 0.000179795 0.1911
-0.0748498 0.000178546 0.1912
-0.0756414 0.000177283 0.1913
-0.0764222 0.000176008 0.1914
-0.0771922 0.00017472 0.1915
-0.0779511 0.000173419 0.1916
-0.078699 0.000172105 0.1917
-0.0794356 0.000170779 0.1918
-0.0801609 0.000169441 0.1919
-0.0808748 0.000168091 0.192
-0.0815772 0.00016673 0.1921
-0.082268 0.000165356 0.1922
-0.082947 0.000163971 0.1923
-0.0836143 0.000162575 0.1924
-0.0842696 0.000161169 0.1925
-0.0849129 0.000159751 0.1926
-0.0855441 0.000158322 0.1927
-0.0861631 0.000156884 0.1928
-0.0867698 0.000155435 0.1929
-0.0873641 0.000153976 0.193
-0.087946 0.000152507 0.1931
-0.0885154 0.000151029 0.1932
-0.0890721 0.000149541 0.1933
-0.0896161 0.000148044 0.1934
-0.0901474 0.000146538 0.1935
-0.0906658 0.000145024 0.1936
-0.0911712 0.000143501 0.1937
-0.0916637 0.000141969 0.1938
-0.0921431 0.00014043 0.1939
-0.0926093 0.000138883 0.194
-0.0930623 0.000137328 0.1941
-0.0935021 0.000135765 0.1942
-0.0939285 0.000134196 0.1943
-0.0943415 0.000132619 0.1944
-0.094741 0.000131036 0.1945
-0.095127 0.000129446 0.1946
-0.0954995 0.00012785 0.1947
-0.0958583 0.000126248 0.1948
-0.0962034 0.00012464 0.1949
-0.0965349 0.000123027 0.195
-0.0968525 0.000121408 0.1951
-0.0971563 0.000119783 0.1952
-0.0974462 0.000118154 0.1953
-0.0977223 0.00011652 0.1954
-0.0979844 0.000114882 0.1955
-0.0982325 0.00011324 0.1956
-0.0984665 0.000111593 0.1957
-0.0986866 0.000109943 0.1958
-0.0988925 0.000108289 0.1959
-0.0990843 0.000106632 0.196
-0.099262 0.000104972 0.1961
-0.0994255 0.000103309 0.1962
-0.0995748 0.000101644 0.1963
-0.0997099 9.99757e-05 0.1964
-0.0998308 9.83057e-05 0.1965
-0.0999374 9.66338e-05 0.1966
-0.10003 9.49603e-05 0.1967
-0.100108 9.32854e-05 0.1968
-0.100172 9.16093e-05 0.1969
-0.100221 8.99323e-05 0.197
-0.100256 8.82546e-05 0.1971
-0.100277 8.65765e-05 0.1972
-0.100284 8.48982e-05 0.1973
-0.100276 8.32199e-05 0.1974
-0.100254 8.15419e-05 0.1975
-0.100217 7.98643e-05 0.1976
-0.100166 7.81876e-05 0.1977
-0.100101 7.65118e-05 0.1978
-0.100022 7.48372e-05 0.1979
-0.0999285 7.31641e-05 0.198
-0.0998206 7.14927e-05 0.1981
-0.0996985 6.98232e-05 0.1982
-0.0995622 6.81559e-05 0.1983
-0.0994116 6.64911e-05 0.1984
-0.0992468 6.48288e-05 0.1985
-0.0990679 6.31695e-05 0.1986
-0.0988748 6.15132e-05 0.1987
-0.0986676 5.98604e-05 0.1988
-0.0984464 5.82111e-05 0.1989
-0.098211 5.65656e-05 0.199
-0.0979617 5.49242e-05 0.1991
-0.0976983 5.32871e-05 0.1992
-0.0974211 5.16545e-05 0.1993
-0.0971299 5.00267e-05 0.1994
-0.0968248 4.84039e-05 0.1995
-0.096506 4.67862e-05 0.1996
-0.0961733 4.51741e-05 0.1997
-0.0958269 4.35676e-05 0.1998
-0.0954669 4.1967e-05 0.1999
-0.0950932 4.03725e-05 0.2
-0.094706 3.87844e-05 0.2001
-0.0943052 3.72029e-05 0.2002
-0.093891 3.56282e-05 0.2003
-0.0934634 3.40606e-05 0.2004
-0.0930224 3.25002e-05 0.2005
-0.0925682 3.09472e-05 0.2006
-0.0921008 2.9402e-05 0.2007
-0.0916202 2.78647e-05 0.2008
-0.0911265 2.63355e-05 0.2009
-0.0906199 2.48147e-05 0.201
-0.0901003 2.33025e-05 0.2011
-0.0895679 2.1799e-05 0.2012
-0.0890227 2.03045e-05 0.2013
-0.0884648 1.88193e-05 0.2014
-0.0878943 1.73435e-05 0.2015
-0.0873112 1.58772e-05 0.2016
-0.0867157 1.44209e-05 0.2017
-0.0861079 1.29746e-05 0.2018
-0.0854877 1.15385e-05 0.2019
-0.0848554 1.01129e-05 0.202
-0.0842109 8.69793e-06 0.2021
-0.0835545 7.29383e-06 0.2022
-0.0828862 5.90078e-06 0.2023
-0.082206 4.51899e-06 0.2024
-0.0815141 3.14865e-06 0.2025
-0.0808106 1.78996e-06 0.2026
-0.0800956 4.431e-07 0.2027
-0.0793692 -8.91731e-07 0.2028
-0.0786315 -2.21434e-06 0.2029
-0.0778825 -3.52455e-06 0.203
-0.0771225 -4.82217e-06 0.2031
-0.0763515 -6.10702e-06 0.2032
-0.0755696 -7.3789e-06 0.2033
-0.074777 -8.63766e-06 0.2034
-0.0739737 -9.8831e-06 0.2035
-0.0731598 -1.1115e-05 0.2036
-0.0723356 -1.23333e-05 0.2037
-0.0715011 -1.35378e-05 0.2038
-0.0706564 -1.47282e-05 0.2039
-0.0698016 -1.59045e-05 0.204
-0.0689369 -1.70664e-05 0.2041
-0.0680624 -1.82138e-05 0.2042
-0.0671782 -1.93465e-05 0.2043
-0.0662845 -2.04645e-05 0.2044
-0.0653814 -2.15674e-05 0.2045
-0.0644689 -2.26552e-05 0.2046
-0.0635473 -2.37277e-05 0.2047
-0.0626167 -2.47847e-05 0.2048
-0.0616771 -2.58261e-05 0.2049
-0.0607288 -2.68518e-05 0.205
-0.0597719 -2.78616e-05 0.2051
-0.0588065 -2.88554e-05 0.2052
-0.0578327 -2.9833e-05 0.2053
-0.0568508 -3.07943e-05 0.2054
-0.0558607 -3.17392e-05 0.2055
-0.0548628 -3.26674e-05 0.2056
-0.0538571 -3.3579e-05 0.2057
-0.0528437 -3.44737e-05 0.2058
-0.0518228 -3.53515e-05 0.2059
-0.0507946 -3.62122e-05 0.206
-0.0497592 -3.70557e-05 0.2061
-0.0487168 -3.78818e-05 0.2062
-0.0476675 -3.86905e-05 0.2063
-0.0466114 -3.94817e-05 0.2064
-0.0455487 -4.02552e-05 0.2065
-0.0444796 -4.10109e-05 0.2066
-0.0434042 -4.17487e-05 0.2067
-0.0423227 -4.24686e-05 0.2068
-0.0412352 -4.31703e-05 0.2069
-0.0401419 -4.38539e-05 0.207
-0.0390429 -4.45192e-05 0.2071
-0.0379384 -4.51662e-05 0.2072
-0.0368286 -4.57947e-05 0.2073
-0.0357136 -4.64046e-05 0.2074
-0.0345936 -4.69959e-05 0.2075
-0.0334687 -4.75685e-05 0.2076
-0.0323391 -4.81223e-05 0.2077
-0.031205 -4.86572e-05 0.2078
-0.0300665 -4.91732e-05 0.2079
-0.0289238 -4.96701e-05 0.208
-0.027777 -5.0148e-05 0.2081
-0.0266264 -5.06067e-05 0.2082
-0.025472 -5.10462e-05 0.2083
-0.0243141 -5.14665e-05 0.2084
-0.0231528 -5.18674e-05 0.2085
-0.0219883 -5.22489e-05 0.2086
-0.0208208 -5.2611e-05 0.2087
-0.0196504 -5.29536e-05 0.2088
-0.0184773 -5.32766e-05 0.2089
-0.0173016 -5.35801e-05 0.209
-0.0161235 -5.3864e-05 0.2091
-0.0149433 -5.41282e-05 0.2092
-0.013761 -5.43727e-05 0.2093
-0.0125769 -5.45975e-05 0.2094
-0.011391 -5.48026e-05 0.2095
-0.0102037 -5.49878e-05 0.2096
-0.00901498 -5.51533e-05 0.2097
-0.0078251 -5.52989e-05 0.2098
-0.0066342 -5.54247e-05 0.2099
-0.00544248 -5.55307e-05 0.21
-0.00425008 -5.56167e-05 0.2101
-0.0030572 -5.56829e-05 0.2102
-0.00186399 -5.57292e-05 0.2103
-0.000670636 -5.57557e-05 0.2104
0.000522697 -5.57622e-05 0.2105
0.00171584 -5.57488e-05 0.2106
0.00290861 -5.57156e-05 0.2107
0.00410085 -5.56625e-05 0.2108
0.00529237 -5.55895e-05 0.2109
0.00648302 -5.54967e-05 0.211
0.00767261 -5.5384e-05 0.2111
0.00886098 -5.52515e-05 0.2112
0.010048 -5.50992e-05 0.2113
0.0112334 -5.49272e-05 0.2114
0.012417 -5.47354e-05 0.2115
0.0135988 -5.45239e-05 0.2116
0.0147785 -5.42928e-05 0.2117
0.0159559 -5.4042e-05 0.2118
0.017131 -5.37715e-05 0.2119
0.0183034 -5.34816e-05 0.212
0.0194731 -5.31721e-05 0.2121
0.0206399 -5.28431e-05 0.2122
0.0218035 -5.24948e-05 0.2123
0.022964 -5.2127e-05 0.2124
0.024121 -5.174e-05 0.2125
0.0252744 -5.13337e-05 0.2126
0.026424 -5.09082e-05 0.2127
0.0275697 -5.04637e-05 0.2128
0.0287113 -5e-05 0.2129
0.0298487 -4.95174e-05 0.213
0.0309817 -4.90158e-05 0.2131
0.0321101 -4.84954e-05 0.2132
0.0332337 -4.79562e-05 0.2133
0.0343525 -4.73984e-05 0.2134
0.0354661 -4.6822e-05 0.2135
0.0365746 -4.6227e-05 0.2136
0.0376776 -4.56137e-05 0.2137
0.0387752 -4.4982e-05 0.2138
0.039867 -4.4332e-05 0.2139
0.0409529 -4.3664e-05 0.214
0.0420329 -4.29778e-05 0.2141
0.0431067 -4.22738e-05 0.2142
0.0441741 -4.15519e-05 0.2143
0.0452351 -4.08123e-05 0.2144
0.0462894 -4.0055e-05 0.2145
0.047337 -3.92803e-05 0.2146
0.0483776 -3.84881e-05 0.2147
0.0494111 -3.76787e-05 0.2148
0.0504374 -3.68521e-05 0.2149
0.0514564 -3.60085e-05 0.215
0.0524678 -3.5148e-05 0.2151
0.0534715 -3.42707e-05 0.2152
0.0544674 -3.33767e-05 0.2153
0.0554553 -3.24662e-05 0.2154
0.0564352 -3.15394e-05 0.2155
0.0574068 -3.05963e-05 0.2156
0.05837 -2.9637e-05 0.2157
0.0593247 -2.86618e-05 0.2158
0.0602707 -2.76708e-05 0.2159
0.061208 -2.66641e-05 0.216
0.0621363 -2.56418e-05 0.2161
0.0630555 -2.46042e-05 0.2162
0.0639656 -2.35513e-05 0.2163
0.0648663 -2.24834e-05 0.2164
0.0657575 -2.14005e-05 0.2165
0.0666392 -2.03029e-05 0.2166
0.0675112 -1.91906e-05 0.2167
0.0683733 -1.8064e-05 0.2168
0.0692254 -1.6923e-05 0.2169
0.0700675 -1.5768e-05 0.217
0.0708994 -1.4599e-05 0.2171
0.0717209 -1.34162e-05 0.2172
0.072532 -1.22199e-05 0.2173
0.0733326 -1.10101e-05 0.2174
0.0741224 -9.78709e-06 0.2175
0.0749015 -8.55103e-06 0.2176
0.0756696 -7.30208e-06 0.2177
0.0764268 -6.04044e-06 0.2178
0.0771728 -4.76628e-06 0.2179
0.0779076 -3.4798e-06 0.218
0.0786311 -2.18118e-06 0.2181
0.0793431 -8.70609e-07 0.2182
0.0800436 4.51716e-07 0.2183
0.0807324 1.78561e-06 0.2184
0.0814095 3.13086e-06 0.2185
0.0820748 4.48729e-06 0.2186
0.0827281 5.85469e-06 0.2187
0.0833694 7.23287e-06 0.2188
0.0839986 8.62162e-06 0.2189
0.0846156 1.00207e-05 0.219
0.0852202 1.143e-05 0.2191
0.0858125 1.28493e-05 0.2192
0.0863923 1.42783e-05 0.2193
0.0869595 1.57168e-05 0.2194
0.0875142 1.71647e-05 0.2195
0.088056 1.86217e-05 0.2196
0.0885851 2.00876e-05 0.2197
0.0891014 2.15622e-05 0.2198
0.0896046 2.30452e-05 0.2199
0.0900949 2.45366e-05 0.22
0.090572 2.6036e-05 0.2201
0.091036 2.75432e-05 0.2202
0.0914868 2.9058e-05 0.2203
0.0919243 3.05802e-05 0.2204
0.0923485 3.21096e-05 0.2205
0.0927592 3.36459e-05 0.2206
0.0931564 3.51889e-05 0.2207
0.0935402 3.67384e-05 0.2208
0.0939103 3.82942e-05 0.2209
0.0942668 3.9856e-05 0.221
0.0946096 4.14237e-05 0.2211
0.0949387 4.29969e-05 0.2212
0.0952539 4.45755e-05 0.2213
0.0955554 4.61592e-05 0.2214
0.095843 4.77477e-05 0.2215
0.0961166 4.9341e-05 0.2216
0.0963763 5.09387e-05 0.2217
0.096622 5.25405e-05 0.2218
0.0968537 5.41464e-05 0.2219
0.0970713 5.57559e-05 0.222
0.0972748 5.7369e-05 0.2221
0.0974642 5.89853e-05 0.2222
0.0976395 6.06046e-05 0.2223
0.0978006 6.22267e-05 0.2224
0.0979474 6.38514e-05 0.2225
0.0980801 6.54783e-05 0.2226
0.0981985 6.71074e-05 0.2227
0.0983027 6.87383e-05 0.2228
0.0983926 7.03708e-05 0.2229
0.0984682 7.20046e-05 0.223
0.0985295 7.36396e-05 0.2231
0.0985765 7.52754e-05 0.2232
0.0986092 7.69119e-05 0.2233
0.0986276 7.85488e-05 0.2234
0.0986316 8.01859e-05 0.2235
0.0986214 8.18229e-05 0.2236
0.0985968 8.34596e-05 0.2237
0.0985579 8.50958e-05 0.2238
0.0985047 8.67312e-05 0.2239
0.0984373 8.83655e-05 0.224
0.0983555 8.99986e-05 0.2241
0.0982594 9.16302e-05 0.2242
0.0981491 9.32601e-05 0.2243
0.0980245 9.4888e-05 0.2244
0.0978857 9.65136e-05 0.2245
0.0977327 9.81369e-05 0.2246
0.0975655 9.97574e-05 0.2247
0.0973842 0.000101375 0.2248
0.0971887 0.000102989 0.2249
0.0969791 0.000104601 0.225
0.0967554 0.000106208 0.2251
0.0965177 0.000107812 0.2252
0.0962659 0.000109411 0.2253
0.0960002 0.000111006 0.2254
0.0957205 0.000112597 0.2255
0.095427 0.000114183 0.2256
0.0951196 0.000115763 0.2257
0.0947983 0.000117339 0.2258
0.0944633 0.000118909 0.2259
0.0941146 0.000120473 0.226
0.0937522 0.000122032 0.2261
0.0933763 0.000123584 0.2262
0.0929867 0.00012513 0.2263
0.0925837 0.000126669 0.2264
0.0921672 0.000128201 0.2265
0.0917373 0.000129726 0.2266
0.0912941 0.000131244 0.2267
0.0908376 0.000132755 0.2268
0.0903679 0.000134258 0.2269
0.0898851 0.000135753 0.227
0.0893893 0.000137239 0.2271
0.0888804 0.000138717 0.2272
0.0883587 0.000140187 0.2273
0.0878241 0.000141648 0.2274
0.0872768 0.0001431 0.2275
0.0867167 0.000144542 0.2276
0.0861441 0.000145975 0.2277
0.085559 0.000147399 0.2278
0.0849614 0.000148812 0.2279
0.0843514 0.000150216 0.228
0.0837293 0.000151609 0.2281
0.0830949 0.000152992 0.2282
0.0824485 0.000154364 0.2283
0.08179 0.000155725 0.2284
0.0811197 0.000157075 0.2285
0.0804376 0.000158414 0.2286
0.0797438 0.000159741 0.2287
0.0790384 0.000161057 0.2288
0.0783215 0.00016236 0.2289
0.0775932 0.000163652 0.229
0.0768536 0.000164931 0.2291
0.0761029 0.000166198 0.2292
0.075341 0.000167453 0.2293
0.0745682 0.000168694 0.2294
0.0737846 0.000169923 0.2295
0.0729902 0.000171139 0.2296
0.0721852 0.000172341 0.2297
0.0713697 0.000173529 0.2298
0.0705438 0.000174704 0.2299
0.0697076 0.000175865 0.23
0.0688613 0.000177012 0.2301
0.0680049 0.000178145 0.2302
0.0671387 0.000179264 0.2303
0.0662626 0.000180367 0.2304
0.0653769 0.000181457 0.2305
0.0644817 0.000182531 0.2306
0.0635771 0.00018359 0.2307
0.0626632 0.000184635 0.2308
0.0617402 0.000185664 0.2309
0.0608081 0.000186677 0.231
0.0598672 0.000187675 0.2311
0.0589176 0.000188657 0.2312
0.0579594 0.000189623 0.2313
0.0569927 0.000190573 0.2314
0.0560177 0.000191507 0.2315
0.0550345 0.000192425 0.2316
0.0540433 0.000193326 0.2317
0.0530441 0.00019421 0.2318
0.0520373 0.000195078 0.2319
0.0510228 0.000195929 0.232
0.0500008 0.000196763 0.2321
0.0489716 0.00019758 0.2322
0.0479352 0.000198379 0.2323
0.0468918 0.000199162 0.2324
0.0458415 0.000199927 0.2325
0.0447845 0.000200674 0.2326
0.0437209 0.000201403 0.2327
0.0426509 0.000202115 0.2328
0.0415747 0.000202809 0.2329
0.0404923 0.000203485 0.233
0.0394041 0.000204143 0.2331
0.03831 0.000204783 0.2332
0.0372103 0.000205404 0.2333
0.0361052 0.000206007 0.2334
0.0349947 0.000206592 0.2335
0.0338791 0.000207158 0.2336
0.0327585 0.000207705 0.2337
0.031633 0.000208234 0.2338
0.0305029 0.000208743 0.2339
0.0293683 0.000209234 0.234
0.0282293 0.000209706 0.2341
0.0270862 0.000210159 0.2342
0.0259391 0.000210593 0.2343
0.0247881 0.000211008 0.2344
0.0236334 0.000211403 0.2345
0.0224752 0.00021178 0.2346
0.0213137 0.000212136 0.2347
0.020149 0.000212474 0.2348
0.0189812 0.000212792 0.2349
0.0178106 0.000213091 0.235
0.0166374 0.00021337 0.2351
0.0154616 0.000213629 0.2352
0.0142835 0.000213869 0.2353
0.0131033 0.000214089 0.2354
0.011921 0.00021429 0.2355
0.0107369 0.000214471 0.2356
0.00955116 0.000214632 0.2357
0.00836392 0.000214773 0.2358
0.00717537 0.000214894 0.2359
0.00598567 0.000214996 0.236
0.004795 0.000215078 0.2361
0.00360352 0.00021514 0.2362
0.00241142 0.000215182 0.2363
0.00121886 0.000215204 0.2364
2.60066e-05 0.000215207 0.2365
-0.00116696 0.000215189 0.2366
-0.00235987 0.000215152 0.2367
-0.00355255 0.000215095 0.2368
-0.00474483 0.000215017 0.2369
-0.00593653 0.00021492 0.237
-0.0071275 0.000214804 0.2371
-0.00831755 0.000214667 0.2372
-0.00950651 0.00021451 0.2373
-0.0106942 0.000214334 0.2374
-0.0118805 0.000214138 0.2375
-0.0130652 0.000213922 0.2376
-0.0142481 0.000213687 0.2377
-0.015429 0.000213431 0.2378
-0.0166079 0.000213156 0.2379
-0.0177845 0.000212862 0.238
-0.0189586 0.000212548 0.2381
-0.0201301 0.000212214 0.2382
-0.0212988 0.000211861 0.2383
-0.0224646 0.000211488 0.2384
-0.0236272 0.000211096 0.2385
-0.0247866 0.000210685 0.2386
-0.0259424 0.000210254 0.2387
-0.0270947 0.000209805 0.2388
-0.0282432 0.000209336 0.2389
-0.0293877 0.000208847 0.239
-0.0305281 0.00020834 0.2391
-0.0316642 0.000207814 0.2392
-0.0327959 0.000207269 0.2393
-0.0339229 0.000206705 0.2394
-0.0350452 0.000206123 0.2395
-0.0361625 0.000205522 0.2396
-0.0372747 0.000204902 0.2397
-0.0383817 0.000204264 0.2398
-0.0394833 0.000203607 0.2399
-0.0405793 0.000202932 0.24
-0.0416696 0.000202239 0.2401
-0.0427539 0.000201528 0.2402
-0.0438322 0.000200798 0.2403
-0.0449044 0.000200051 0.2404
-0.0459701 0.000199286 0.2405
-0.0470294 0.000198503 0.2406
-0.048082 0.000197703 0.2407
-0.0491278 0.000196885 0.2408
-0.0501666 0.00019605 0.2409
-0.0511983 0.000195198 0.241
-0.0522227 0.000194328 0.2411
-0.0532398 0.000193442 0.2412
-0.0542492 0.000192539 0.2413
-0.055251 0.000191618 0.2414
-0.0562449 0.000190682 0.2415
-0.0572309 0.000189728 0.2416
-0.0582087 0.000188759 0.2417
-0.0591782 0.000187773 0.2418
-0.0601393 0.000186771 0.2419
-0.0610919 0.000185753 0.242
-0.0620358 0.00018472 0.2421
-0.0629708 0.000183671 0.2422
-0.063897 0.000182606 0.2423
-0.064814 0.000181526 0.2424
-0.0657218 0.000180431 0.2425
-0.0666202 0.00017932 0.2426
-0.0675091 0.000178195 0.2427
-0.0683885 0.000177055 0.2428
-0.0692581 0.000175901 0.2429
-0.0701178 0.000174732 0.243
-0.0709676 0.000173549 0.2431
-0.0718072 0.000172352 0.2432
-0.0726366 0.000171141 0.2433
-0.0734557 0.000169916 0.2434
-0.0742643 0.000168678 0.2435
-0.0750623 0.000167426 0.2436
-0.0758496 0.000166161 0.2437
-0.0766261 0.000164883 0.2438
-0.0773917 0.000163593 0.2439
-0.0781462 0.000162289 0.244
-0.0788896 0.000160973 0.2441
-0.0796217 0.000159645 0.2442
-0.0803425 0.000158305 0.2443
-0.0810519 0.000156953 0.2444
-0.0817496 0.000155589 0.2445
-0.0824357 0.000154214 0.2446
-0.0831101 0.000152827 0.2447
-0.0837725 0.000151429 0.2448
-0.0844231 0.000150021 0.2449
-0.0850615 0.000148601 0.245
-0.0856879 0.000147171 0.2451
-0.086302 0.000145731 0.2452
-0.0869038 0.000144281 0.2453
-0.0874932 0.000142821 0.2454
-0.0880701 0.000141351 0.2455
-0.0886344 0.000139871 0.2456
-0.0891861 0.000138382 0.2457
-0.089725 0.000136885 0.2458
-0.0902511 0.000135378 0.2459
-0.0907644 0.000133863 0.246
-0.0912646 0.000132339 0.2461
-0.0917519 0.000130807 0.2462
-0.092226 0.000129267 0.2463
-0.092687 0.000127719 0.2464
-0.0931347 0.000126164 0.2465
-0.0935691 0.000124601 0.2466
-0.0939902 0.000123032 0.2467
-0.0943978 0.000121455 0.2468
-0.094792 0.000119872 0.2469
-0.0951726 0.000118282 0.247
-0.0955396 0.000116686 0.2471
-0.095893 0.000115084 0.2472
-0.0962326 0.000113477 0.2473
-0.0965586 0.000111863 0.2474
-0.0968707 0.000110245 0.2475
-0.097169 0.000108621 0.2476
-0.0974534 0.000106993 0.2477
-0.0977238 0.00010536 0.2478
-0.0979803 0.000103723 0.2479
-0.0982228 0.000102081 0.248
-0.0984513 0.000100436 0.2481
-0.0986657 9.87868e-05 0.2482
-0.098866 9.71343e-05 0.2483
-0.0990522 9.54786e-05 0.2484
-0.0992242 9.38199e-05 0.2485
-0.099382 9.21586e-05 0.2486
-0.0995257 9.04947e-05 0.2487
-0.0996551 8.88285e-05 0.2488
-0.0997703 8.71604e-05 0.2489
-0.0998712 8.54905e-05 0.249
-0.0999578 8.3819e-05 0.2491
-0.10003 8.21462e-05 0.2492
-0.100088 8.04723e-05 0.2493
-0.100132 7.87977e-05 0.2494
-0.100161 7.71224e-05 0.2495
-0.100177 7.54468e-05 0.2496
-0.100177 7.37711e-05 0.2497
-0.100164 7.20955e-05 0.2498
-0.100136 7.04202e-05 0.2499
-0.100094 6.87456e-05 0.25
-0.100037 6.70718e-05 0.2501
-0.0999667 6.53991e-05 0.2502
-0.0998816 6.37277e-05 0.2503
-0.0997823 6.20578e-05 0.2504
-0.0996688 6.03898e-05 0.2505
-0.099541 5.87238e-05 0.2506
-0.0993989 5.706e-05 0.2507
-0.0992427 5.53988e-05 0.2508
-0.0990723 5.37403e-05 0.2509
-0.0988877 5.20848e-05 0.251
-0.098689 5.04325e-05 0.2511
-0.0984761 4.87836e-05 0.2512
-0.0982492 4.71385e-05 0.2513
-0.0980083 4.54972e-05 0.2514
