0 0 0.0001
8.01182e-05 0 0.0002
0.000247763 1.33517e-09 0.0003
0.000494585 5.46403e-09 0.0004
0.000813018 1.37058e-08 0.0005
0.00119621 2.72536e-08 0.0006
0.00163794 4.71861e-08 0.0007
0.00213257 7.44784e-08 0.0008
0.00267501 1.10012e-07 0.0009
0.00326061 1.54581e-07 0.001
0.00388518 2.08907e-07 0.0011
0.00454491 2.73636e-07 0.0012
0.00523633 3.49354e-07 0.0013
0.0059563 4.36588e-07 0.0014
0.00670199 5.35813e-07 0.0015
0.00747079 6.47457e-07 0.0016
0.00826035 7.71904e-07 0.0017
0.00906854 9.09499e-07 0.0018
0.00989341 1.06055e-06 0.0019
0.0107332 1.22534e-06 0.002
0.0115863 1.4041e-06 0.0021
0.0124512 1.59707e-06 0.0022
0.0133266 1.80444e-06 0.0023
0.0142113 2.02637e-06 0.0024
0.0151041 2.26303e-06 0.0025
0.0160041 2.51456e-06 0.0026
0.0169104 2.78106e-06 0.0027
0.017822 3.06264e-06 0.0028
0.0187381 3.35938e-06 0.0029
0.0196582 3.67137e-06 0.003
0.0205815 3.99867e-06 0.0031
0.0215074 4.34133e-06 0.0032
0.0224354 4.69939e-06 0.0033
0.023365 5.07288e-06 0.0034
0.0242956 5.46184e-06 0.0035
0.0252269 5.86627e-06 0.0036
0.0261585 6.28619e-06 0.0037
0.0270899 6.7216e-06 0.0038
0.0280209 7.17249e-06 0.0039
0.0289511 7.63886e-06 0.004
0.0298802 8.12069e-06 0.0041
0.0308079 8.61797e-06 0.0042
0.031734 9.13066e-06 0.0043
0.0326582 9.65875e-06 0.0044
0.0335804 1.02022e-05 0.0045
0.0345001 1.0761e-05 0.0046
0.0354174 1.1335e-05 0.0047
0.0363319 1.19243e-05 0.0048
0.0372436 1.25288e-05 0.0049
0.0381521 1.31484e-05 0.005
0.0390574 1.37831e-05 0.0051
0.0399593 1.44328e-05 0.0052
0.0408576 1.50976e-05 0.0053
0.0417522 1.57772e-05 0.0054
0.0426429 1.64717e-05 0.0055
0.0435297 1.7181e-05 0.0056
0.0444123 1.79049e-05 0.0057
0.0452907 1.86436e-05 0.0058
0.0461647 1.93968e-05 0.0059
0.0470343 2.01645e-05 0.006
0.0478992 2.09467e-05 0.0061
0.0487594 2.17432e-05 0.0062
0.0496148 2.25539e-05 0.0063
0.0504653 2.33789e-05 0.0064
0.0513108 2.42179e-05 0.0065
0.0521511 2.5071e-05 0.0066
0.0529862 2.5938e-05 0.0067
0.0538159 2.68189e-05 0.0068
0.0546402 2.77135e-05 0.0069
0.055459 2.86217e-05 0.007
0.0562722 2.95436e-05 0.0071
0.0570797 3.04789e-05 0.0072
0.0578814 3.14276e-05 0.0073
0.0586772 3.23896e-05 0.0074
0.0594671 3.33647e-05 0.0075
0.0602509 3.4353e-05 0.0076
0.0610285 3.53542e-05 0.0077
0.0618 3.63683e-05 0.0078
0.0625651 3.73951e-05 0.0079
0.0633239 3.84347e-05 0.008
0.0640762 3.94868e-05 0.0081
0.064822 4.05513e-05 0.0082
0.0655611 4.16282e-05 0.0083
0.0662936 4.27173e-05 0.0084
0.0670192 4.38185e-05 0.0085
0.0677381 4.49317e-05 0.0086
0.06845 4.60568e-05 0.0087
0.0691549 4.71937e-05 0.0088
0.0698528 4.83423e-05 0.0089
0.0705436 4.95023e-05 0.009
0.0712271 5.06738e-05 0.0091
0.0719033 5.18566e-05 0.0092
0.0725723 5.30505e-05 0.0093
0.0732338 5.42555e-05 0.0094
0.0738878 5.54715e-05 0.0095
0.0745343 5.66982e-05 0.0096
0.0751731 5.79356e-05 0.0097
0.0758043 5.91835e-05 0.0098
0.0764278 6.04418e-05 0.0099
0.0770434 6.17105e-05 0.01
0.0776512 6.29893e-05 0.0101
0.0782511 6.42781e-05 0.0102
0.078843 6.55768e-05 0.0103
0.0794268 6.68852e-05 0.0104
0.0800026 6.82033e-05 0.0105
0.0805701 6.95309e-05 0.0106
0.0811295 7.08678e-05 0.0107
0.0816806 7.22139e-05 0.0108
0.0822233 7.35691e-05 0.0109
0.0827577 7.49332e-05 0.011
0.0832836 7.63061e-05 0.0111
0.0838011 7.76877e-05 0.0112
0.08431 7.90777e-05 0.0113
0.0848103 8.04762e-05 0.0114
0.085302 8.18828e-05 0.0115
0.0857849 8.32976e-05 0.0116
0.0862592 8.47202e-05 0.0117
0.0867246 8.61507e-05 0.0118
0.0871812 8.75888e-05 0.0119
0.087629 8.90343e-05 0.012
0.0880678 9.04873e-05 0.0121
0.0884976 9.19474e-05 0.0122
0.0889184 9.34145e-05 0.0123
0.0893302 9.48886e-05 0.0124
0.0897329 9.63693e-05 0.0125
0.0901264 9.78567e-05 0.0126
0.0905108 9.93505e-05 0.0127
0.090886 0.000100851 0.0128
0.0912519 0.000102357 0.0129
0.0916085 0.000103869 0.013
0.0919558 0.000105387 0.0131
0.0922937 0.000106911 0.0132
0.0926222 0.00010844 0.0133
0.0929414 0.000109974 0.0134
0.093251 0.000111514 0.0135
0.0935512 0.000113059 0.0136
0.0938419 0.000114608 0.0137
0.094123 0.000116163 0.0138
0.0943945 0.000117722 0.0139
0.0946565 0.000119285 0.014
0.0949088 0.000120852 0.0141
0.0951514 0.000122424 0.0142
0.0953844 0.000123999 0.0143
0.0956077 0.000125579 0.0144
0.0958212 0.000127162 0.0145
0.0960251 0.000128748 0.0146
0.0962191 0.000130337 0.0147
0.0964034 0.00013193 0.0148
0.0965778 0.000133526 0.0149
0.0967425 0.000135124 0.015
0.0968973 0.000136725 0.0151
0.0970423 0.000138328 0.0152
0.0971774 0.000139934 0.0153
0.0973026 0.000141542 0.0154
0.0974179 0.000143151 0.0155
0.0975233 0.000144763 0.0156
0.0976188 0.000146376 0.0157
0.0977044 0.000147991 0.0158
0.09778 0.000149607 0.0159
0.0978458 0.000151224 0.016
0.0979015 0.000152842 0.0161
0.0979473 0.000154461 0.0162
0.0979832 0.00015608 0.0163
0.0980091 0.0001577 0.0164
0.098025 0.00015932 0.0165
0.098031 0.00016094 0.0166
0.098027 0.000162561 0.0167
0.0980131 0.000164181 0.0168
0.0979891 0.0001658 0.0169
0.0979553 0.00016742 0.017
0.0979114 0.000169038 0.0171
0.0978577 0.000170656 0.0172
0.0977939 0.000172272 0.0173
0.0977203 0.000173888 0.0174
0.0976367 0.000175502 0.0175
0.0975431 0.000177114 0.0176
0.0974397 0.000178725 0.0177
0.0973263 0.000180334 0.0178
0.0972031 0.000181941 0.0179
0.09707 0.000183545 0.018
0.096927 0.000185148 0.0181
0.0967742 0.000186748 0.0182
0.0966115 0.000188345 0.0183
0.096439 0.000189939 0.0184
0.0962567 0.000191531 0.0185
0.0960646 0.000193119 0.0186
0.0958627 0.000194704 0.0187
0.0956511 0.000196285 0.0188
0.0954298 0.000197863 0.0189
0.0951988 0.000199436 0.019
0.0949581 0.000201006 0.0191
0.0947077 0.000202572 0.0192
0.0944477 0.000204133 0.0193
0.0941781 0.00020569 0.0194
0.0938989 0.000207243 0.0195
0.0936102 0.00020879 0.0196
0.0933119 0.000210333 0.0197
0.0930042 0.00021187 0.0198
0.092687 0.000213403 0.0199
0.0923604 0.000214929 0.02
0.0920244 0.000216451 0.0201
0.091679 0.000217966 0.0202
0.0913243 0.000219476 0.0203
0.0909603 0.00022098 0.0204
0.090587 0.000222477 0.0205
0.0902045 0.000223968 0.0206
0.0898129 0.000225453 0.0207
0.0894121 0.000226931 0.0208
0.0890022 0.000228402 0.0209
0.0885832 0.000229866 0.021
0.0881552 0.000231323 0.0211
0.0877183 0.000232773 0.0212
0.0872724 0.000234215 0.0213
0.0868176 0.00023565 0.0214
0.086354 0.000237077 0.0215
0.0858816 0.000238497 0.0216
0.0854005 0.000239908 0.0217
0.0849106 0.000241311 0.0218
0.0844121 0.000242706 0.0219
0.083905 0.000244093 0.022
0.0833894 0.000245471 0.0221
0.0828652 0.00024684 0.0222
0.0823327 0.0002482 0.0223
0.0817917 0.000249552 0.0224
0.0812424 0.000250894 0.0225
0.0806847 0.000252227 0.0226
0.0801189 0.000253551 0.0227
0.0795449 0.000254865 0.0228
0.0789628 0.000256169 0.0229
0.0783726 0.000257464 0.023
0.0777745 0.000258748 0.0231
0.0771684 0.000260023 0.0232
0.0765544 0.000261287 0.0233
0.0759326 0.000262541 0.0234
0.0753031 0.000263785 0.0235
0.0746659 0.000265018 0.0236
0.074021 0.00026624 0.0237
0.0733686 0.000267451 0.0238
0.0727087 0.000268652 0.0239
0.0720413 0.000269841 0.024
0.0713666 0.000271019 0.0241
0.0706847 0.000272186 0.0242
0.0699954 0.000273341 0.0243
0.0692991 0.000274485 0.0244
0.0685956 0.000275617 0.0245
0.0678851 0.000276737 0.0246
0.0671677 0.000277845 0.0247
0.0664434 0.000278941 0.0248
0.0657123 0.000280025 0.0249
0.0649744 0.000281097 0.025
0.06423 0.000282156 0.0251
0.0634789 0.000283203 0.0252
0.0627213 0.000284238 0.0253
0.0619573 0.000285259 0.0254
0.061187 0.000286268 0.0255
0.0604103 0.000287264 0.0256
0.0596275 0.000288247 0.0257
0.0588385 0.000289216 0.0258
0.0580435 0.000290173 0.0259
0.0572426 0.000291116 0.026
0.0564358 0.000292045 0.0261
0.0556231 0.000292962 0.0262
0.0548048 0.000293864 0.0263
0.0539808 0.000294753 0.0264
0.0531512 0.000295628 0.0265
0.0523162 0.000296489 0.0266
0.0514758 0.000297336 0.0267
0.0506301 0.000298169 0.0268
0.0497792 0.000298988 0.0269
0.0489231 0.000299793 0.027
0.048062 0.000300583 0.0271
0.0471959 0.000301359 0.0272
0.0463249 0.000302121 0.0273
0.0454492 0.000302867 0.0274
0.0445687 0.0003036 0.0275
0.0436837 0.000304317 0.0276
0.0427941 0.00030502 0.0277
0.0419001 0.000305707 0.0278
0.0410017 0.00030638 0.0279
0.0400991 0.000307038 0.028
0.0391923 0.000307681 0.0281
0.0382814 0.000308308 0.0282
0.0373666 0.00030892 0.0283
0.0364478 0.000309517 0.0284
0.0355253 0.000310099 0.0285
0.034599 0.000310665 0.0286
0.0336692 0.000311216 0.0287
0.0327358 0.000311751 0.0288
0.0317989 0.000312271 0.0289
0.0308588 0.000312774 0.029
0.0299154 0.000313263 0.0291
0.0289688 0.000313735 0.0292
0.0280192 0.000314192 0.0293
0.0270667 0.000314632 0.0294
0.0261113 0.000315057 0.0295
0.0251531 0.000315466 0.0296
0.0241922 0.000315859 0.0297
0.0232288 0.000316236 0.0298
0.0222629 0.000316597 0.0299
0.0212946 0.000316941 0.03
0.020324 0.00031727 0.0301
0.0193512 0.000317582 0.0302
0.0183764 0.000317878 0.0303
0.0173995 0.000318158 0.0304
0.0164208 0.000318421 0.0305
0.0154402 0.000318668 0.0306
0.014458 0.000318899 0.0307
0.0134741 0.000319114 0.0308
0.0124888 0.000319311 0.0309
0.011502 0.000319493 0.031
0.010514 0.000319658 0.0311
0.00952471 0.000319807 0.0312
0.00853434 0.000319939 0.0313
0.00754296 0.000320054 0.0314
0.00655067 0.000320153 0.0315
0.00555757 0.000320236 0.0316
0.00456375 0.000320302 0.0317
0.00356933 0.000320351 0.0318
0.0025744 0.000320384 0.0319
0.00157905 0.0003204 0.032
0.000583393 0.0003204 0.0321
-0.00041248 0.000320383 0.0322
-0.00140847 0.000320349 0.0323
-0.00240447 0.000320299 0.0324
-0.00340038 0.000320232 0.0325
-0.00439611 0.000320149 0.0326
-0.00539155 0.000320049 0.0327
-0.00638661 0.000319932 0.0328
-0.00738119 0.000319799 0.0329
-0.00837518 0.00031965 0.033
-0.00936849 0.000319483 0.0331
-0.010361 0.000319301 0.0332
-0.0113527 0.000319101 0.0333
-0.0123433 0.000318886 0.0334
-0.0133329 0.000318653 0.0335
-0.0143213 0.000318405 0.0336
-0.0153084 0.000318139 0.0337
-0.0162942 0.000317858 0.0338
-0.0172785 0.00031756 0.0339
-0.0182612 0.000317245 0.034
-0.0192422 0.000316915 0.0341
-0.0202215 0.000316568 0.0342
-0.0211988 0.000316204 0.0343
-0.0221743 0.000315825 0.0344
-0.0231476 0.000315429 0.0345
-0.0241188 0.000315017 0.0346
-0.0250878 0.000314588 0.0347
-0.0260544 0.000314144 0.0348
-0.0270185 0.000313684 0.0349
-0.0279801 0.000313207 0.035
-0.028939 0.000312715 0.0351
-0.0298952 0.000312207 0.0352
-0.0308486 0.000311682 0.0353
-0.031799 0.000311142 0.0354
-0.0327465 0.000310587 0.0355
-0.0336907 0.000310015 0.0356
-0.0346318 0.000309428 0.0357
-0.0355696 0.000308825 0.0358
-0.0365039 0.000308206 0.0359
-0.0374348 0.000307572 0.036
-0.0383621 0.000306923 0.0361
-0.0392857 0.000306258 0.0362
-0.0402055 0.000305578 0.0363
-0.0411214 0.000304882 0.0364
-0.0420334 0.000304171 0.0365
-0.0429414 0.000303446 0.0366
-0.0438452 0.000302705 0.0367
-0.0447447 0.000301949 0.0368
-0.04564 0.000301178 0.0369
-0.0465308 0.000300392 0.037
-0.0474171 0.000299592 0.0371
-0.0482989 0.000298777 0.0372
-0.049176 0.000297947 0.0373
-0.0500483 0.000297102 0.0374
-0.0509157 0.000296244 0.0375
-0.0517782 0.00029537 0.0376
-0.0526357 0.000294483 0.0377
-0.0534881 0.000293581 0.0378
-0.0543353 0.000292665 0.0379
-0.0551772 0.000291736 0.038
-0.0560137 0.000290792 0.0381
-0.0568448 0.000289834 0.0382
-0.0576703 0.000288863 0.0383
-0.0584903 0.000287877 0.0384
-0.0593045 0.000286879 0.0385
-0.060113 0.000285866 0.0386
-0.0609156 0.000284841 0.0387
-0.0617123 0.000283802 0.0388
-0.0625029 0.00028275 0.0389
-0.0632875 0.000281685 0.039
-0.0640658 0.000280607 0.0391
-0.064838 0.000279515 0.0392
-0.0656038 0.000278412 0.0393
-0.0663631 0.000277295 0.0394
-0.067116 0.000276166 0.0395
-0.0678624 0.000275025 0.0396
-0.0686021 0.000273871 0.0397
-0.0693351 0.000272705 0.0398
-0.0700613 0.000271527 0.0399
-0.0707806 0.000270336 0.04
-0.0714931 0.000269134 0.0401
-0.0721985 0.00026792 0.0402
-0.0728969 0.000266695 0.0403
-0.0735881 0.000265458 0.0404
-0.0742721 0.000264209 0.0405
-0.0749489 0.00026295 0.0406
-0.0756183 0.000261679 0.0407
-0.0762802 0.000260397 0.0408
-0.0769348 0.000259104 0.0409
-0.0775817 0.0002578 0.041
-0.0782211 0.000256486 0.0411
-0.0788528 0.000255161 0.0412
-0.0794768 0.000253825 0.0413
-0.0800929 0.00025248 0.0414
-0.0807012 0.000251124 0.0415
-0.0813016 0.000249758 0.0416
-0.081894 0.000248382 0.0417
-0.0824784 0.000246997 0.0418
-0.0830547 0.000245602 0.0419
-0.0836228 0.000244197 0.042
-0.0841827 0.000242783 0.0421
-0.0847344 0.00024136 0.0422
-0.0852777 0.000239928 0.0423
-0.0858126 0.000238487 0.0424
-0.0863391 0.000237037 0.0425
-0.0868572 0.000235578 0.0426
-0.0873667 0.000234111 0.0427
-0.0878676 0.000232636 0.0428
-0.0883599 0.000231152 0.0429
-0.0888434 0.00022966 0.043
-0.0893183 0.000228161 0.0431
-0.0897844 0.000226653 0.0432
-0.0902416 0.000225138 0.0433
-0.09069 0.000223615 0.0434
-0.0911294 0.000222085 0.0435
-0.0915599 0.000220548 0.0436
-0.0919814 0.000219004 0.0437
-0.0923939 0.000217453 0.0438
-0.0927972 0.000215895 0.0439
-0.0931914 0.000214331 0.044
-0.0935765 0.00021276 0.0441
-0.0939523 0.000211182 0.0442
-0.0943189 0.000209599 0.0443
-0.0946762 0.00020801 0.0444
-0.0950242 0.000206415 0.0445
-0.0953629 0.000204814 0.0446
-0.0956922 0.000203208 0.0447
-0.096012 0.000201596 0.0448
-0.0963224 0.000199979 0.0449
-0.0966233 0.000198357 0.045
-0.0969147 0.000196731 0.0451
-0.0971966 0.000195099 0.0452
-0.0974688 0.000193463 0.0453
-0.0977315 0.000191823 0.0454
-0.0979846 0.000190178 0.0455
-0.098228 0.000188529 0.0456
-0.0984618 0.000186876 0.0457
-0.0986858 0.00018522 0.0458
-0.0989001 0.00018356 0.0459
-0.0991047 0.000181897 0.046
-0.0992996 0.00018023 0.0461
-0.0994846 0.00017856 0.0462
-0.0996599 0.000176887 0.0463
-0.0998253 0.000175212 0.0464
-0.0999809 0.000173533 0.0465
-0.100127 0.000171853 0.0466
-0.100263 0.00017017 0.0467
-0.100389 0.000168485 0.0468
-0.100505 0.000166798 0.0469
-0.100611 0.000165109 0.047
-0.100707 0.000163418 0.0471
-0.100794 0.000161727 0.0472
-0.10087 0.000160033 0.0473
-0.100937 0.000158339 0.0474
-0.100993 0.000156644 0.0475
-0.10104 0.000154948 0.0476
-0.101076 0.000153251 0.0477
-0.101103 0.000151554 0.0478
-0.10112 0.000149856 0.0479
-0.101127 0.000148159 0.048
-0.101123 0.000146461 0.0481
-0.10111 0.000144763 0.0482
-0.101087 0.000143066 0.0483
-0.101054 0.00014137 0.0484
-0.101011 0.000139674 0.0485
-0.100958 0.000137979 0.0486
-0.100895 0.000136285 0.0487
-0.100822 0.000134592 0.0488
-0.10074 0.000132901 0.0489
-0.100647 0.000131211 0.049
-0.100544 0.000129523 0.0491
-0.100432 0.000127836 0.0492
-0.100309 0.000126152 0.0493
-0.100177 0.00012447 0.0494
-0.100035 0.00012279 0.0495
-0.0998827 0.000121113 0.0496
-0.0997208 0.000119438 0.0497
-0.0995491 0.000117766 0.0498
-0.0993676 0.000116098 0.0499
-0.0991763 0.000114432 0.05
-0.0989752 0.00011277 0.0501
-0.0987644 0.000111111 0.0502
-0.0985439 0.000109456 0.0503
-0.0983136 0.000107804 0.0504
-0.0980737 0.000106157 0.0505
-0.0978241 0.000104514 0.0506
-0.0975648 0.000102875 0.0507
-0.097296 0.00010124 0.0508
-0.0970176 9.96103e-05 0.0509
-0.0967296 9.79852e-05 0.051
-0.0964321 9.6365e-05 0.0511
-0.0961251 9.475e-05 0.0512
-0.0958086 9.31401e-05 0.0513
-0.0954827 9.15357e-05 0.0514
-0.0951474 8.99369e-05 0.0515
-0.0948028 8.83438e-05 0.0516
-0.0944488 8.67565e-05 0.0517
-0.0940855 8.51753e-05 0.0518
-0.0937129 8.36003e-05 0.0519
-0.0933311 8.20316e-05 0.052
-0.0929402 8.04694e-05 0.0521
-0.0925401 7.89138e-05 0.0522
-0.0921308 7.73651e-05 0.0523
-0.0917125 7.58232e-05 0.0524
-0.0912852 7.42885e-05 0.0525
-0.0908489 7.27611e-05 0.0526
-0.0904037 7.1241e-05 0.0527
-0.0899496 6.97285e-05 0.0528
-0.0894866 6.82237e-05 0.0529
-0.0890149 6.67267e-05 0.053
-0.0885343 6.52377e-05 0.0531
-0.0880451 6.37569e-05 0.0532
-0.0875472 6.22843e-05 0.0533
-0.0870407 6.08201e-05 0.0534
-0.0865257 5.93645e-05 0.0535
-0.0860021 5.79176e-05 0.0536
-0.0854701 5.64796e-05 0.0537
-0.0849297 5.50505e-05 0.0538
-0.0843809 5.36305e-05 0.0539
-0.0838239 5.22199e-05 0.054
-0.0832586 5.08186e-05 0.0541
-0.0826851 4.94269e-05 0.0542
-0.0821035 4.80448e-05 0.0543
-0.0815139 4.66725e-05 0.0544
-0.0809162 4.53102e-05 0.0545
-0.0803106 4.3958e-05 0.0546
-0.0796971 4.26159e-05 0.0547
-0.0790758 4.12842e-05 0.0548
-0.0784468 3.9963e-05 0.0549
-0.07781 3.86523e-05 0.055
-0.0771656 3.73524e-05 0.0551
-0.0765136 3.60633e-05 0.0552
-0.0758541 3.47852e-05 0.0553
-0.0751872 3.35182e-05 0.0554
-0.0745129 3.22624e-05 0.0555
-0.0738313 3.1018e-05 0.0556
-0.0731425 2.9785e-05 0.0557
-0.0724465 2.85636e-05 0.0558
-0.0717434 2.73539e-05 0.0559
-0.0710333 2.6156e-05 0.056
-0.0703162 2.49701e-05 0.0561
-0.0695922 2.37962e-05 0.0562
-0.0688614 2.26344e-05 0.0563
-0.0681239 2.1485e-05 0.0564
-0.0673797 2.03479e-05 0.0565
-0.0666289 1.92233e-05 0.0566
-0.0658716 1.81113e-05 0.0567
-0.0651079 1.70121e-05 0.0568
-0.0643378 1.59256e-05 0.0569
-0.0635614 1.48521e-05 0.057
-0.0627788 1.37916e-05 0.0571
-0.06199 1.27443e-05 0.0572
-0.0611952 1.17102e-05 0.0573
-0.0603945 1.06894e-05 0.0574
-0.0595878 9.682e-06 0.0575
-0.0587753 8.68817e-06 0.0576
-0.0579571 7.70795e-06 0.0577
-0.0571333 6.74145e-06 0.0578
-0.0563038 5.78877e-06 0.0579
-0.0554689 4.84998e-06 0.058
-0.0546286 3.92519e-06 0.0581
-0.053783 3.01447e-06 0.0582
-0.0529321 2.11793e-06 0.0583
-0.0520761 1.23564e-06 0.0584
-0.051215 3.67687e-07 0.0585
-0.050349 -4.85842e-07 0.0586
-0.049478 -1.32487e-06 0.0587
-0.0486023 -2.14931e-06 0.0588
-0.0477218 -2.95909e-06 0.0589
-0.0468368 -3.75413e-06 0.059
-0.0459471 -4.53435e-06 0.0591
-0.0450531 -5.29968e-06 0.0592
-0.0441546 -6.05005e-06 0.0593
-0.0432519 -6.78538e-06 0.0594
-0.042345 -7.50561e-06 0.0595
-0.0414341 -8.21066e-06 0.0596
-0.0405191 -8.90047e-06 0.0597
-0.0396002 -9.57498e-06 0.0598
-0.0386775 -1.02341e-05 0.0599
-0.0377511 -1.08778e-05 0.06
-0.036821 -1.1506e-05 0.0601
-0.0358874 -1.21187e-05 0.0602
-0.0349504 -1.27158e-05 0.0603
-0.03401 -1.32972e-05 0.0604
-0.0330664 -1.38628e-05 0.0605
-0.0321196 -1.44127e-05 0.0606
-0.0311697 -1.49468e-05 0.0607
-0.0302169 -1.5465e-05 0.0608
-0.0292611 -1.59673e-05 0.0609
-0.0283026 -1.64536e-05 0.061
-0.0273414 -1.69239e-05 0.0611
-0.0263777 -1.73781e-05 0.0612
-0.0254114 -1.78162e-05 0.0613
-0.0244427 -1.82382e-05 0.0614
-0.0234717 -1.8644e-05 0.0615
-0.0224986 -1.90336e-05 0.0616
-0.0215233 -1.9407e-05 0.0617
-0.020546 -1.97641e-05 0.0618
-0.0195668 -2.01048e-05 0.0619
-0.0185858 -2.04292e-05 0.062
-0.017603 -2.07373e-05 0.0621
-0.0166187 -2.10289e-05 0.0622
-0.0156328 -2.13041e-05 0.0623
-0.0146456 -2.15628e-05 0.0624
-0.013657 -2.18051e-05 0.0625
-0.0126671 -2.20309e-05 0.0626
-0.0116762 -2.22401e-05 0.0627
-0.0106842 -2.24329e-05 0.0628
-0.0096913 -2.2609e-05 0.0629
-0.00869758 -2.27687e-05 0.063
-0.00770313 -2.29117e-05 0.0631
-0.00670805 -2.30382e-05 0.0632
-0.00571245 -2.31481e-05 0.0633
-0.00471641 -2.32413e-05 0.0634
-0.00372005 -2.3318e-05 0.0635
-0.00272346 -2.3378e-05 0.0636
-0.00172674 -2.34215e-05 0.0637
-0.00072999 -2.34483e-05 0.0638
0.00026669 -2.34585e-05 0.0639
0.0012632 -2.34521e-05 0.064
0.00225944 -2.34291e-05 0.0641
0.00325531 -2.33895e-05 0.0642
0.00425072 -2.33333e-05 0.0643
0.00524555 -2.32605e-05 0.0644
0.00623972 -2.31712e-05 0.0645
0.00723312 -2.30652e-05 0.0646
0.00822566 -2.29428e-05 0.0647
0.00921723 -2.28038e-05 0.0648
0.0102077 -2.26483e-05 0.0649
0.0111971 -2.24763e-05 0.065
0.0121852 -2.22878e-05 0.0651
0.0131719 -2.20829e-05 0.0652
0.0141571 -2.18615e-05 0.0653
0.0151408 -2.16238e-05 0.0654
0.0161229 -2.13697e-05 0.0655
0.0171032 -2.10992e-05 0.0656
0.0180816 -2.08124e-05 0.0657
0.0190581 -2.05094e-05 0.0658
0.0200325 -2.019e-05 0.0659
0.0210048 -1.98545e-05 0.066
0.0219749 -1.95028e-05 0.0661
0.0229426 -1.9135e-05 0.0662
0.0239079 -1.8751e-05 0.0663
0.0248706 -1.83511e-05 0.0664
0.0258307 -1.79351e-05 0.0665
0.0267881 -1.75031e-05 0.0666
0.0277427 -1.70552e-05 0.0667
0.0286943 -1.65915e-05 0.0668
0.029643 -1.61119e-05 0.0669
0.0305885 -1.56165e-05 0.067
0.0315308 -1.51055e-05 0.0671
0.0324699 -1.45788e-05 0.0672
0.0334055 -1.40364e-05 0.0673
0.0343377 -1.34786e-05 0.0674
0.0352663 -1.29052e-05 0.0675
0.0361912 -1.23164e-05 0.0676
0.0371123 -1.17123e-05 0.0677
0.0380296 -1.10928e-05 0.0678
0.038943 -1.04581e-05 0.0679
0.0398523 -9.80827e-06 0.068
0.0407575 -9.14332e-06 0.0681
0.0416585 -8.46333e-06 0.0682
0.0425552 -7.76839e-06 0.0683
0.0434475 -7.05856e-06 0.0684
0.0443353 -6.33392e-06 0.0685
0.0452185 -5.59454e-06 0.0686
0.046097 -4.84051e-06 0.0687
0.0469709 -4.0719e-06 0.0688
0.0478398 -3.28879e-06 0.0689
0.0487039 -2.49126e-06 0.069
0.0495629 -1.67941e-06 0.0691
0.0504168 -8.53301e-07 0.0692
0.0512656 -1.30336e-08 0.0693
0.0521091 8.41308e-07 0.0694
0.0529472 1.70964e-06 0.0695
0.0537799 2.59186e-06 0.0696
0.0546071 3.48788e-06 0.0697
0.0554286 4.39762e-06 0.0698
0.0562445 5.32097e-06 0.0699
0.0570546 6.25784e-06 0.07
0.0578589 7.20814e-06 0.0701
0.0586573 8.17176e-06 0.0702
0.0594496 9.1486e-06 0.0703
0.0602359 1.01386e-05 0.0704
0.061016 1.11415e-05 0.0705
0.0617898 1.21575e-05 0.0706
0.0625574 1.31862e-05 0.0707
0.0633185 1.42276e-05 0.0708
0.0640732 1.52816e-05 0.0709
0.0648213 1.63481e-05 0.071
0.0655628 1.7427e-05 0.0711
0.0662976 1.85181e-05 0.0712
0.0670256 1.96215e-05 0.0713
0.0677468 2.07368e-05 0.0714
0.0684611 2.18641e-05 0.0715
0.0691683 2.30032e-05 0.0716
0.0698686 2.41539e-05 0.0717
0.0705617 2.53163e-05 0.0718
0.0712476 2.64901e-05 0.0719
0.0719262 2.76752e-05 0.072
0.0725975 2.88716e-05 0.0721
0.0732614 3.0079e-05 0.0722
0.0739179 3.12974e-05 0.0723
0.0745668 3.25266e-05 0.0724
0.0752081 3.37666e-05 0.0725
0.0758417 3.50171e-05 0.0726
0.0764677 3.62781e-05 0.0727
0.0770858 3.75494e-05 0.0728
0.0776961 3.88309e-05 0.0729
0.0782985 4.01225e-05 0.073
0.0788929 4.1424e-05 0.0731
0.0794793 4.27353e-05 0.0732
0.0800576 4.40562e-05 0.0733
0.0806277 4.53867e-05 0.0734
0.0811897 4.67266e-05 0.0735
0.0817434 4.80757e-05 0.0736
0.0822887 4.9434e-05 0.0737
0.0828258 5.08012e-05 0.0738
0.0833543 5.21772e-05 0.0739
0.0838745 5.3562e-05 0.074
0.084386 5.49553e-05 0.0741
0.084889 5.6357e-05 0.0742
0.0853834 5.7767e-05 0.0743
0.0858691 5.91851e-05 0.0744
0.0863461 6.06112e-05 0.0745
0.0868143 6.20451e-05 0.0746
0.0872737 6.34867e-05 0.0747
0.0877242 6.49358e-05 0.0748
0.0881658 6.63923e-05 0.0749
0.0885984 6.78561e-05 0.075
0.0890221 6.93269e-05 0.0751
0.0894367 7.08047e-05 0.0752
0.0898422 7.22892e-05 0.0753
0.0902386 7.37804e-05 0.0754
0.0906259 7.52781e-05 0.0755
0.0910039 7.67821e-05 0.0756
0.0913727 7.82923e-05 0.0757
0.0917322 7.98085e-05 0.0758
0.0920824 8.13306e-05 0.0759
0.0924233 8.28583e-05 0.076
0.0927548 8.43917e-05 0.0761
0.0930768 8.59304e-05 0.0762
0.0933895 8.74744e-05 0.0763
0.0936926 8.90234e-05 0.0764
0.0939863 9.05774e-05 0.0765
0.0942704 9.21361e-05 0.0766
0.0945449 9.36995e-05 0.0767
0.0948098 9.52672e-05 0.0768
0.0950651 9.68393e-05 0.0769
0.0953108 9.84155e-05 0.077
0.0955468 9.99956e-05 0.0771
0.0957731 0.00010158 0.0772
0.0959897 0.000103167 0.0773
0.0961966 0.000104758 0.0774
0.0963937 0.000106353 0.0775
0.096581 0.00010795 0.0776
0.0967586 0.000109551 0.0777
0.0969263 0.000111154 0.0778
0.0970842 0.00011276 0.0779
0.0972322 0.000114369 0.078
0.0973704 0.000115979 0.0781
0.0974987 0.000117592 0.0782
0.0976171 0.000119207 0.0783
0.0977256 0.000120824 0.0784
0.0978242 0.000122443 0.0785
0.0979129 0.000124063 0.0786
0.0979917 0.000125684 0.0787
0.0980605 0.000127307 0.0788
0.0981194 0.00012893 0.0789
0.0981683 0.000130555 0.079
0.0982073 0.00013218 0.0791
0.0982363 0.000133806 0.0792
0.0982553 0.000135431 0.0793
0.0982644 0.000137058 0.0794
0.0982635 0.000138684 0.0795
0.0982527 0.00014031 0.0796
0.0982319 0.000141935 0.0797
0.0982011 0.000143561 0.0798
0.0981604 0.000145185 0.0799
0.0981098 0.000146809 0.08
0.0980491 0.000148432 0.0801
0.0979786 0.000150053 0.0802
0.0978981 0.000151674 0.0803
0.0978076 0.000153293 0.0804
0.0977073 0.00015491 0.0805
0.0975971 0.000156525 0.0806
0.0974769 0.000158138 0.0807
0.0973469 0.00015975 0.0808
0.097207 0.000161359 0.0809
0.0970572 0.000162965 0.081
0.0968976 0.000164569 0.0811
0.0967282 0.00016617 0.0812
0.0965489 0.000167768 0.0813
0.0963599 0.000169363 0.0814
0.0961611 0.000170955 0.0815
0.0959525 0.000172543 0.0816
0.0957342 0.000174128 0.0817
0.0955062 0.000175709 0.0818
0.0952686 0.000177286 0.0819
0.0950212 0.000178859 0.082
0.0947642 0.000180427 0.0821
0.0944976 0.000181992 0.0822
0.0942214 0.000183551 0.0823
0.0939357 0.000185106 0.0824
0.0936404 0.000186656 0.0825
0.0933356 0.000188201 0.0826
0.0930214 0.000189741 0.0827
0.0926977 0.000191275 0.0828
0.0923646 0.000192804 0.0829
0.0920221 0.000194327 0.083
0.0916703 0.000195845 0.0831
0.0913092 0.000197356 0.0832
0.0909389 0.000198861 0.0833
0.0905593 0.00020036 0.0834
0.0901705 0.000201853 0.0835
0.0897725 0.000203339 0.0836
0.0893654 0.000204818 0.0837
0.0889493 0.00020629 0.0838
0.0885241 0.000207755 0.0839
0.08809 0.000209213 0.084
0.0876469 0.000210664 0.0841
0.0871949 0.000212107 0.0842
0.086734 0.000213542 0.0843
0.0862644 0.00021497 0.0844
0.0857859 0.000216389 0.0845
0.0852988 0.000217801 0.0846
0.084803 0.000219204 0.0847
0.0842986 0.000220599 0.0848
0.0837856 0.000221986 0.0849
0.0832641 0.000223364 0.085
0.0827341 0.000224733 0.0851
0.0821958 0.000226093 0.0852
0.081649 0.000227444 0.0853
0.081094 0.000228785 0.0854
0.0805307 0.000230118 0.0855
0.0799593 0.00023144 0.0856
0.0793797 0.000232754 0.0857
0.078792 0.000234057 0.0858
0.0781963 0.000235351 0.0859
0.0775927 0.000236634 0.086
0.0769812 0.000237908 0.0861
0.0763618 0.000239171 0.0862
0.0757347 0.000240423 0.0863
0.0750998 0.000241665 0.0864
0.0744573 0.000242897 0.0865
0.0738073 0.000244117 0.0866
0.0731497 0.000245327 0.0867
0.0724846 0.000246526 0.0868
0.0718122 0.000247713 0.0869
0.0711325 0.000248889 0.087
0.0704455 0.000250054 0.0871
0.0697514 0.000251207 0.0872
0.0690501 0.000252348 0.0873
0.0683418 0.000253478 0.0874
0.0676265 0.000254596 0.0875
0.0669043 0.000255702 0.0876
0.0661753 0.000256795 0.0877
0.0654396 0.000257877 0.0878
0.0646971 0.000258946 0.0879
0.0639481 0.000260002 0.088
0.0631925 0.000261046 0.0881
0.0624305 0.000262078 0.0882
0.0616621 0.000263096 0.0883
0.0608874 0.000264102 0.0884
0.0601065 0.000265095 0.0885
0.0593194 0.000266074 0.0886
0.0585263 0.000267041 0.0887
0.0577271 0.000267994 0.0888
0.0569221 0.000268934 0.0889
0.0561113 0.00026986 0.089
0.0552947 0.000270772 0.0891
0.0544724 0.000271671 0.0892
0.0536446 0.000272556 0.0893
0.0528112 0.000273428 0.0894
0.0519725 0.000274285 0.0895
0.0511284 0.000275128 0.0896
0.050279 0.000275957 0.0897
0.0494245 0.000276772 0.0898
0.048565 0.000277573 0.0899
0.0477004 0.000278359 0.09
0.0468309 0.000279131 0.0901
0.0459566 0.000279888 0.0902
0.0450776 0.000280631 0.0903
0.044194 0.000281358 0.0904
0.0433058 0.000282071 0.0905
0.0424131 0.00028277 0.0906
0.041516 0.000283453 0.0907
0.0406147 0.000284121 0.0908
0.0397092 0.000284774 0.0909
0.0387995 0.000285412 0.091
0.0378859 0.000286035 0.0911
0.0369683 0.000286643 0.0912
0.0360469 0.000287235 0.0913
0.0351218 0.000287812 0.0914
0.034193 0.000288373 0.0915
0.0332606 0.000288919 0.0916
0.0323248 0.000289449 0.0917
0.0313857 0.000289964 0.0918
0.0304432 0.000290462 0.0919
0.0294976 0.000290946 0.092
0.0285489 0.000291413 0.0921
0.0275973 0.000291864 0.0922
0.0266427 0.0002923 0.0923
0.0256853 0.00029272 0.0924
0.0247252 0.000293123 0.0925
0.0237626 0.000293511 0.0926
0.0227974 0.000293882 0.0927
0.0218298 0.000294238 0.0928
0.0208598 0.000294577 0.0929
0.0198877 0.0002949 0.093
0.0189134 0.000295207 0.0931
0.0179372 0.000295498 0.0932
0.0169589 0.000295772 0.0933
0.0159789 0.00029603 0.0934
0.0149971 0.000296272 0.0935
0.0140137 0.000296497 0.0936
0.0130288 0.000296706 0.0937
0.0120424 0.000296898 0.0938
0.0110547 0.000297074 0.0939
0.0100658 0.000297233 0.094
0.00907568 0.000297376 0.0941
0.00808456 0.000297503 0.0942
0.00709249 0.000297613 0.0943
0.00609958 0.000297706 0.0944
0.00510593 0.000297783 0.0945
0.00411163 0.000297843 0.0946
0.0031168 0.000297887 0.0947
0.00212151 0.000297914 0.0948
0.00112589 0.000297925 0.0949
0.000130014 0.000297919 0.095
-0.000866003 0.000297896 0.0951
-0.00186207 0.000297857 0.0952
-0.00285807 0.000297801 0.0953
-0.00385393 0.000297728 0.0954
-0.00484953 0.000297639 0.0955
-0.00584478 0.000297534 0.0956
-0.00683958 0.000297412 0.0957
-0.00783382 0.000297273 0.0958
-0.00882741 0.000297117 0.0959
-0.00982026 0.000296946 0.096
-0.0108122 0.000296757 0.0961
-0.0118033 0.000296552 0.0962
-0.0127933 0.000296331 0.0963
-0.0137821 0.000296093 0.0964
-0.0147697 0.000295839 0.0965
-0.015756 0.000295568 0.0966
-0.0167408 0.000295281 0.0967
-0.0177241 0.000294977 0.0968
-0.0187057 0.000294657 0.0969
-0.0196856 0.000294321 0.097
-0.0206636 0.000293968 0.0971
-0.0216398 0.000293599 0.0972
-0.0226138 0.000293214 0.0973
-0.0235858 0.000292813 0.0974
-0.0245555 0.000292395 0.0975
-0.0255229 0.000291962 0.0976
-0.0264879 0.000291512 0.0977
-0.0274504 0.000291047 0.0978
-0.0284102 0.000290565 0.0979
-0.0293674 0.000290067 0.098
-0.0303217 0.000289554 0.0981
-0.0312732 0.000289024 0.0982
-0.0322216 0.000288479 0.0983
-0.033167 0.000287918 0.0984
-0.0341091 0.000287341 0.0985
-0.035048 0.000286749 0.0986
-0.0359835 0.000286141 0.0987
-0.0369156 0.000285517 0.0988
-0.037844 0.000284878 0.0989
-0.0387689 0.000284224 0.099
-0.03969 0.000283554 0.0991
-0.0406072 0.000282869 0.0992
-0.0415205 0.000282169 0.0993
-0.0424298 0.000281453 0.0994
-0.043335 0.000280723 0.0995
-0.044236 0.000279977 0.0996
-0.0451327 0.000279217 0.0997
-0.046025 0.000278441 0.0998
-0.0469128 0.000277651 0.0999
-0.0477961 0.000276846 0.1
-0.0486747 0.000276027 0.1001
-0.0495486 0.000275192 0.1002
-0.0504176 0.000274344 0.1003
-0.0512818 0.000273481 0.1004
-0.0521409 0.000272603 0.1005
-0.052995 0.000271712 0.1006
-0.0538439 0.000270806 0.1007
-0.0546876 0.000269886 0.1008
-0.0555259 0.000268952 0.1009
-0.0563588 0.000268004 0.101
-0.0571861 0.000267043 0.1011
-0.0580079 0.000266067 0.1012
-0.0588241 0.000265079 0.1013
-0.0596344 0.000264076 0.1014
-0.060439 0.00026306 0.1015
-0.0612376 0.000262031 0.1016
-0.0620302 0.000260989 0.1017
-0.0628168 0.000259933 0.1018
-0.0635972 0.000258865 0.1019
-0.0643714 0.000257784 0.102
-0.0651392 0.000256689 0.1021
-0.0659007 0.000255582 0.1022
-0.0666557 0.000254463 0.1023
-0.0674042 0.000253331 0.1024
-0.0681461 0.000252186 0.1025
-0.0688813 0.00025103 0.1026
-0.0696097 0.000249861 0.1027
-0.0703313 0.00024868 0.1028
-0.071046 0.000247487 0.1029
-0.0717538 0.000246283 0.103
-0.0724544 0.000245066 0.1031
-0.073148 0.000243838 0.1032
-0.0738344 0.000242599 0.1033
-0.0745135 0.000241348 0.1034
-0.0751853 0.000240087 0.1035
-0.0758497 0.000238814 0.1036
-0.0765067 0.00023753 0.1037
-0.0771561 0.000236235 0.1038
-0.077798 0.000234929 0.1039
-0.0784322 0.000233613 0.104
-0.0790587 0.000232287 0.1041
-0.0796774 0.00023095 0.1042
-0.0802883 0.000229603 0.1043
-0.0808912 0.000228246 0.1044
-0.0814862 0.000226879 0.1045
-0.0820732 0.000225502 0.1046
-0.0826522 0.000224115 0.1047
-0.0832229 0.000222719 0.1048
-0.0837855 0.000221314 0.1049
-0.0843399 0.000219899 0.105
-0.0848859 0.000218475 0.1051
-0.0854236 0.000217042 0.1052
-0.0859528 0.000215601 0.1053
-0.0864736 0.00021415 0.1054
-0.0869859 0.000212691 0.1055
-0.0874896 0.000211224 0.1056
-0.0879847 0.000209748 0.1057
-0.0884711 0.000208265 0.1058
-0.0889488 0.000206773 0.1059
-0.0894177 0.000205273 0.106
-0.0898778 0.000203766 0.1061
-0.0903291 0.000202251 0.1062
-0.0907715 0.000200729 0.1063
-0.0912049 0.0001992 0.1064
-0.0916293 0.000197663 0.1065
-0.0920447 0.00019612 0.1066
-0.092451 0.000194569 0.1067
-0.0928482 0.000193012 0.1068
-0.0932362 0.000191449 0.1069
-0.093615 0.000189879 0.107
-0.0939846 0.000188303 0.1071
-0.094345 0.000186721 0.1072
-0.094696 0.000185134 0.1073
-0.0950377 0.00018354 0.1074
-0.09537 0.000181941 0.1075
-0.0956929 0.000180337 0.1076
-0.0960063 0.000178727 0.1077
-0.0963103 0.000177112 0.1078
-0.0966048 0.000175492 0.1079
-0.0968898 0.000173868 0.108
-0.0971652 0.000172238 0.1081
-0.097431 0.000170605 0.1082
-0.0976872 0.000168967 0.1083
-0.0979337 0.000167325 0.1084
-0.0981706 0.000165679 0.1085
-0.0983978 0.000164029 0.1086
-0.0986153 0.000162376 0.1087
-0.098823 0.000160719 0.1088
-0.099021 0.000159058 0.1089
-0.0992092 0.000157395 0.109
-0.0993876 0.000155729 0.1091
-0.0995563 0.000154059 0.1092
-0.0997151 0.000152387 0.1093
-0.099864 0.000150713 0.1094
-0.100003 0.000149036 0.1095
-0.100132 0.000147357 0.1096
-0.100252 0.000145676 0.1097
-0.100361 0.000143993 0.1098
-0.100461 0.000142309 0.1099
-0.10055 0.000140623 0.11
-0.10063 0.000138935 0.1101
-0.1007 0.000137247 0.1102
-0.100759 0.000135557 0.1103
-0.100809 0.000133867 0.1104
-0.100849 0.000132176 0.1105
-0.100879 0.000130484 0.1106
-0.100899 0.000128792 0.1107
-0.100909 0.0001271 0.1108
-0.100909 0.000125407 0.1109
-0.100899 0.000123715 0.111
-0.100879 0.000122024 0.1111
-0.100849 0.000120332 0.1112
-0.10081 0.000118642 0.1113
-0.10076 0.000116952 0.1114
-0.1007 0.000115263 0.1115
-0.100631 0.000113575 0.1116
-0.100551 0.000111888 0.1117
-0.100462 0.000110203 0.1118
-0.100362 0.00010852 0.1119
-0.100253 0.000106839 0.112
-0.100134 0.000105159 0.1121
-0.100004 0.000103481 0.1122
-0.0998654 0.000101806 0.1123
-0.0997166 0.000100133 0.1124
-0.0995579 9.84634e-05 0.1125
-0.0993893 9.6796e-05 0.1126
-0.099211 9.51317e-05 0.1127
-0.0990229 9.34704e-05 0.1128
-0.0988249 9.18124e-05 0.1129
-0.0986173 9.01578e-05 0.113
-0.0983999 8.85068e-05 0.1131
-0.0981728 8.68596e-05 0.1132
-0.097936 8.52163e-05 0.1133
-0.0976895 8.35771e-05 0.1134
-0.0974334 8.19422e-05 0.1135
-0.0971676 8.03116e-05 0.1136
-0.0968923 7.86856e-05 0.1137
-0.0966074 7.70644e-05 0.1138
-0.096313 7.5448e-05 0.1139
-0.0960091 7.38366e-05 0.114
-0.0956957 7.22305e-05 0.1141
-0.0953729 7.06297e-05 0.1142
-0.0950406 6.90344e-05 0.1143
-0.094699 6.74448e-05 0.1144
-0.094348 6.5861e-05 0.1145
-0.0939877 6.42832e-05 0.1146
-0.0936182 6.27116e-05 0.1147
-0.0932394 6.11462e-05 0.1148
-0.0928514 5.95873e-05 0.1149
-0.0924542 5.80349e-05 0.115
-0.092048 5.64894e-05 0.1151
-0.0916326 5.49507e-05 0.1152
-0.0912082 5.3419e-05 0.1153
-0.0907749 5.18946e-05 0.1154
-0.0903325 5.03775e-05 0.1155
-0.0898813 4.88679e-05 0.1156
-0.0894212 4.7366e-05 0.1157
-0.0889523 4.58718e-05 0.1158
-0.0884746 4.43856e-05 0.1159
-0.0879882 4.29075e-05 0.116
-0.0874931 4.14376e-05 0.1161
-0.0869894 3.99761e-05 0.1162
-0.0864771 3.85231e-05 0.1163
-0.0859563 3.70787e-05 0.1164
-0.085427 3.56432e-05 0.1165
-0.0848893 3.42165e-05 0.1166
-0.0843433 3.2799e-05 0.1167
-0.0837889 3.13907e-05 0.1168
-0.0832263 2.99917e-05 0.1169
-0.0826555 2.86023e-05 0.117
-0.0820765 2.72224e-05 0.1171
-0.0814895 2.58524e-05 0.1172
-0.0808944 2.44922e-05 0.1173
-0.0802914 2.3142e-05 0.1174
-0.0796805 2.18021e-05 0.1175
-0.0790617 2.04724e-05 0.1176
-0.0784352 1.91531e-05 0.1177
-0.0778009 1.78444e-05 0.1178
-0.077159 1.65463e-05 0.1179
-0.0765094 1.52591e-05 0.118
-0.0758524 1.39828e-05 0.1181
-0.0751879 1.27176e-05 0.1182
-0.074516 1.14635e-05 0.1183
-0.0738368 1.02207e-05 0.1184
-0.0731503 8.98938e-06 0.1185
-0.0724566 7.76958e-06 0.1186
-0.0717558 6.56144e-06 0.1187
-0.071048 5.36509e-06 0.1188
-0.0703332 4.18062e-06 0.1189
-0.0696114 3.00817e-06 0.119
-0.0688829 1.84785e-06 0.1191
-0.0681475 6.99762e-07 0.1192
-0.0674055 -4.35975e-07 0.1193
-0.0666569 -1.55925e-06 0.1194
-0.0659017 -2.66996e-06 0.1195
-0.06514 -3.76799e-06 0.1196
-0.064372 -4.85323e-06 0.1197
-0.0635977 -5.92559e-06 0.1198
-0.0628171 -6.98495e-06 0.1199
-0.0620303 -8.03121e-06 0.12
-0.0612375 -9.06428e-06 0.1201
-0.0604387 -1.0084e-05 0.1202
-0.0596339 -1.10904e-05 0.1203
-0.0588234 -1.20833e-05 0.1204
-0.058007 -1.30626e-05 0.1205
-0.057185 -1.40282e-05 0.1206
-0.0563574 -1.498e-05 0.1207
-0.0555243 -1.59179e-05 0.1208
-0.0546857 -1.68419e-05 0.1209
-0.0538419 -1.77519e-05 0.121
-0.0529927 -1.86477e-05 0.1211
-0.0521384 -1.95292e-05 0.1212
-0.051279 -2.03965e-05 0.1213
-0.0504145 -2.12494e-05 0.1214
-0.0495452 -2.20877e-05 0.1215
-0.048671 -2.29116e-05 0.1216
-0.0477921 -2.37208e-05 0.1217
-0.0469085 -2.45152e-05 0.1218
-0.0460204 -2.52949e-05 0.1219
-0.0451278 -2.60598e-05 0.122
-0.0442308 -2.68096e-05 0.1221
-0.0433295 -2.75445e-05 0.1222
-0.042424 -2.82643e-05 0.1223
-0.0415143 -2.89689e-05 0.1224
-0.0406007 -2.96584e-05 0.1225
-0.0396831 -3.03325e-05 0.1226
-0.0387616 -3.09913e-05 0.1227
-0.0378365 -3.16347e-05 0.1228
-0.0369076 -3.22626e-05 0.1229
-0.0359752 -3.2875e-05 0.123
-0.0350393 -3.34717e-05 0.1231
-0.0341 -3.40529e-05 0.1232
-0.0331574 -3.46183e-05 0.1233
-0.0322117 -3.5168e-05 0.1234
-0.0312628 -3.57019e-05 0.1235
-0.030311 -3.62199e-05 0.1236
-0.0293562 -3.6722e-05 0.1237
-0.0283986 -3.72082e-05 0.1238
-0.0274384 -3.76783e-05 0.1239
-0.0264754 -3.81325e-05 0.124
-0.02551 -3.85705e-05 0.1241
-0.0245421 -3.89924e-05 0.1242
-0.0235719 -3.93982e-05 0.1243
-0.0225995 -3.97877e-05 0.1244
-0.0216249 -4.0161e-05 0.1245
-0.0206483 -4.0518e-05 0.1246
-0.0196698 -4.08588e-05 0.1247
-0.0186894 -4.11832e-05 0.1248
-0.0177072 -4.14912e-05 0.1249
-0.0167235 -4.17828e-05 0.125
-0.0157381 -4.2058e-05 0.1251
-0.0147513 -4.23168e-05 0.1252
-0.0137632 -4.25591e-05 0.1253
-0.0127738 -4.27849e-05 0.1254
-0.0117832 -4.29942e-05 0.1255
-0.0107916 -4.3187e-05 0.1256
-0.00979907 -4.33633e-05 0.1257
-0.00880565 -4.3523e-05 0.1258
-0.00781148 -4.36661e-05 0.1259
-0.00681664 -4.37926e-05 0.126
-0.00582124 -4.39026e-05 0.1261
-0.00482539 -4.39959e-05 0.1262
-0.00382917 -4.40727e-05 0.1263
-0.0028327 -4.41328e-05 0.1264
-0.00183606 -4.41763e-05 0.1265
-0.000839359 -4.42032e-05 0.1266
0.000157301 -4.42136e-05 0.1267
0.00115382 -4.42072e-05 0.1268
0.00215011 -4.41843e-05 0.1269
0.00314606 -4.41448e-05 0.127
0.00414157 -4.40887e-05 0.1271
0.00513654 -4.4016e-05 0.1272
0.00613088 -4.39268e-05 0.1273
0.00712449 -4.38209e-05 0.1274
0.00811726 -4.36985e-05 0.1275
0.00910909 -4.35596e-05 0.1276
0.0100999 -4.34042e-05 0.1277
0.0110896 -4.32323e-05 0.1278
0.012078 -4.30438e-05 0.1279
0.0130651 -4.2839e-05 0.128
0.0140508 -4.26177e-05 0.1281
0.015035 -4.238e-05 0.1282
0.0160175 -4.21259e-05 0.1283
0.0169983 -4.18554e-05 0.1284
0.0179773 -4.15687e-05 0.1285
0.0189544 -4.12656e-05 0.1286
0.0199294 -4.09463e-05 0.1287
0.0209023 -4.06108e-05 0.1288
0.0218731 -4.02591e-05 0.1289
0.0228415 -3.98912e-05 0.129
0.0238075 -3.95072e-05 0.1291
0.024771 -3.91072e-05 0.1292
0.0257319 -3.86911e-05 0.1293
0.0266901 -3.8259e-05 0.1294
0.0276455 -3.78111e-05 0.1295
0.0285981 -3.73472e-05 0.1296
0.0295476 -3.68675e-05 0.1297
0.0304941 -3.6372e-05 0.1298
0.0314374 -3.58608e-05 0.1299
0.0323775 -3.53339e-05 0.13
0.0333141 -3.47914e-05 0.1301
0.0342474 -3.42333e-05 0.1302
0.0351771 -3.36597e-05 0.1303
0.0361031 -3.30707e-05 0.1304
0.0370254 -3.24663e-05 0.1305
0.0379439 -3.18466e-05 0.1306
0.0388585 -3.12116e-05 0.1307
0.0397691 -3.05614e-05 0.1308
0.0406756 -2.98961e-05 0.1309
0.0415778 -2.92157e-05 0.131
0.0424758 -2.85204e-05 0.1311
0.0433695 -2.78102e-05 0.1312
0.0442587 -2.70851e-05 0.1313
0.0451433 -2.63453e-05 0.1314
0.0460233 -2.55908e-05 0.1315
0.0468986 -2.48217e-05 0.1316
0.047769 -2.4038e-05 0.1317
0.0486346 -2.324e-05 0.1318
0.0494952 -2.24275e-05 0.1319
0.0503507 -2.16008e-05 0.132
0.0512011 -2.07599e-05 0.1321
0.0520462 -1.99049e-05 0.1322
0.052886 -1.90359e-05 0.1323
0.0537204 -1.8153e-05 0.1324
0.0545492 -1.72562e-05 0.1325
0.0553726 -1.63457e-05 0.1326
0.0561902 -1.54216e-05 0.1327
0.0570021 -1.44839e-05 0.1328
0.0578082 -1.35327e-05 0.1329
0.0586084 -1.25682e-05 0.133
0.0594027 -1.15905e-05 0.1331
0.0601908 -1.05996e-05 0.1332
0.0609728 -9.5956e-06 0.1333
0.0617486 -8.57869e-06 0.1334
0.0625181 -7.54893e-06 0.1335
0.0632813 -6.50644e-06 0.1336
0.0640379 -5.45131e-06 0.1337
0.0647881 -4.38367e-06 0.1338
0.0655317 -3.30361e-06 0.1339
0.0662686 -2.21125e-06 0.134
0.0669987 -1.1067e-06 0.1341
0.067722 9.92739e-09 0.1342
0.0684384 1.13851e-06 0.1343
0.0691479 2.27895e-06 0.1344
0.0698503 3.43111e-06 0.1345
0.0705457 4.59488e-06 0.1346
0.0712338 5.77014e-06 0.1347
0.0719147 6.95677e-06 0.1348
0.0725883 8.15465e-06 0.1349
0.0732546 9.36365e-06 0.135
0.0739133 1.05837e-05 0.1351
0.0745646 1.18145e-05 0.1352
0.0752083 1.30562e-05 0.1353
0.0758443 1.43084e-05 0.1354
0.0764727 1.55712e-05 0.1355
0.0770932 1.68443e-05 0.1356
0.077706 1.81277e-05 0.1357
0.0783109 1.94211e-05 0.1358
0.0789078 2.07246e-05 0.1359
0.0794967 2.20378e-05 0.136
0.0800775 2.33608e-05 0.1361
0.0806502 2.46933e-05 0.1362
0.0812147 2.60353e-05 0.1363
0.081771 2.73866e-05 0.1364
0.082319 2.8747e-05 0.1365
0.0828586 3.01165e-05 0.1366
0.0833898 3.14948e-05 0.1367
0.0839126 3.28819e-05 0.1368
0.0844268 3.42775e-05 0.1369
0.0849325 3.56817e-05 0.137
0.0854296 3.70941e-05 0.1371
0.085918 3.85147e-05 0.1372
0.0863977 3.99433e-05 0.1373
0.0868687 4.13798e-05 0.1374
0.0873308 4.2824e-05 0.1375
0.0877841 4.42758e-05 0.1376
0.0882285 4.5735e-05 0.1377
0.088664 4.72015e-05 0.1378
0.0890904 4.86752e-05 0.1379
0.0895079 5.01558e-05 0.138
0.0899163 5.16433e-05 0.1381
0.0903155 5.31375e-05 0.1382
0.0907056 5.46381e-05 0.1383
0.0910866 5.61452e-05 0.1384
0.0914582 5.76585e-05 0.1385
0.0918207 5.91778e-05 0.1386
0.0921738 6.07031e-05 0.1387
0.0925176 6.22341e-05 0.1388
0.092852 6.37707e-05 0.1389
0.093177 6.53128e-05 0.139
0.0934926 6.68601e-05 0.1391
0.0937987 6.84126e-05 0.1392
0.0940954 6.99701e-05 0.1393
0.0943825 7.15323e-05 0.1394
0.09466 7.30993e-05 0.1395
0.0949279 7.46707e-05 0.1396
0.0951863 7.62464e-05 0.1397
0.095435 7.78264e-05 0.1398
0.095674 7.94103e-05 0.1399
0.0959034 8.09981e-05 0.14
0.096123 8.25896e-05 0.1401
0.0963329 8.41846e-05 0.1402
0.0965331 8.57829e-05 0.1403
0.0967235 8.73845e-05 0.1404
0.0969041 8.89891e-05 0.1405
0.0970749 9.05966e-05 0.1406
0.0972358 9.22068e-05 0.1407
0.097387 9.38196e-05 0.1408
0.0975282 9.54347e-05 0.1409
0.0976596 9.70521e-05 0.141
0.0977812 9.86715e-05 0.1411
0.0978928 0.000100293 0.1412
0.0979945 0.000101916 0.1413
0.0980863 0.00010354 0.1414
0.0981682 0.000105166 0.1415
0.0982401 0.000106794 0.1416
0.0983021 0.000108422 0.1417
0.0983541 0.000110051 0.1418
0.0983962 0.000111681 0.1419
0.0984284 0.000113311 0.142
0.0984505 0.000114942 0.1421
0.0984628 0.000116573 0.1422
0.098465 0.000118205 0.1423
0.0984573 0.000119836 0.1424
0.0984396 0.000121466 0.1425
0.098412 0.000123097 0.1426
0.0983744 0.000124727 0.1427
0.0983268 0.000126356 0.1428
0.0982693 0.000127984 0.1429
0.0982019 0.000129611 0.143
0.0981245 0.000131236 0.1431
0.0980372 0.000132861 0.1432
0.0979399 0.000134483 0.1433
0.0978328 0.000136104 0.1434
0.0977157 0.000137723 0.1435
0.0975888 0.00013934 0.1436
0.097452 0.000140955 0.1437
0.0973053 0.000142567 0.1438
0.0971488 0.000144177 0.1439
0.0969825 0.000145784 0.144
0.0968063 0.000147388 0.1441
0.0966203 0.000148989 0.1442
0.0964246 0.000150587 0.1443
0.0962191 0.000152181 0.1444
0.0960038 0.000153772 0.1445
0.0957789 0.000155359 0.1446
0.0955442 0.000156942 0.1447
0.0952999 0.000158522 0.1448
0.0950459 0.000160096 0.1449
0.0947823 0.000161667 0.145
0.0945091 0.000163233 0.1451
0.0942264 0.000164795 0.1452
0.0939341 0.000166351 0.1453
0.0936323 0.000167903 0.1454
0.093321 0.000169449 0.1455
0.0930003 0.00017099 0.1456
0.0926701 0.000172526 0.1457
0.0923306 0.000174056 0.1458
0.0919817 0.00017558 0.1459
0.0916235 0.000177098 0.146
0.091256 0.00017861 0.1461
0.0908793 0.000180116 0.1462
0.0904934 0.000181616 0.1463
0.0900983 0.000183109 0.1464
0.0896941 0.000184595 0.1465
0.0892808 0.000186074 0.1466
0.0888585 0.000187547 0.1467
0.0884271 0.000189012 0.1468
0.0879868 0.00019047 0.1469
0.0875376 0.00019192 0.147
0.0870795 0.000193363 0.1471
0.0866126 0.000194798 0.1472
0.0861369 0.000196225 0.1473
0.0856525 0.000197644 0.1474
0.0851594 0.000199055 0.1475
0.0846576 0.000200458 0.1476
0.0841473 0.000201852 0.1477
0.0836285 0.000203237 0.1478
0.0831012 0.000204614 0.1479
0.0825654 0.000205982 0.148
0.0820213 0.000207341 0.1481
0.0814689 0.00020869 0.1482
0.0809082 0.000210031 0.1483
0.0803392 0.000211361 0.1484
0.0797622 0.000212683 0.1485
0.079177 0.000213994 0.1486
0.0785839 0.000215296 0.1487
0.0779827 0.000216588 0.1488
0.0773736 0.000217869 0.1489
0.0767567 0.00021914 0.149
0.076132 0.000220401 0.1491
0.0754995 0.000221652 0.1492
0.0748594 0.000222891 0.1493
0.0742117 0.00022412 0.1494
0.0735565 0.000225338 0.1495
0.0728938 0.000226545 0.1496
0.0722236 0.000227741 0.1497
0.0715462 0.000228926 0.1498
0.0708614 0.000230099 0.1499
0.0701695 0.000231261 0.15
0.0694705 0.000232411 0.1501
0.0687643 0.000233549 0.1502
0.0680512 0.000234676 0.1503
0.0673312 0.00023579 0.1504
0.0666043 0.000236893 0.1505
0.0658706 0.000237983 0.1506
0.0651303 0.000239061 0.1507
0.0643833 0.000240126 0.1508
0.0636297 0.000241179 0.1509
0.0628697 0.00024222 0.151
0.0621033 0.000243247 0.1511
0.0613305 0.000244262 0.1512
0.0605515 0.000245264 0.1513
0.0597664 0.000246252 0.1514
0.0589751 0.000247228 0.1515
0.0581778 0.00024819 0.1516
0.0573746 0.000249139 0.1517
0.0565656 0.000250074 0.1518
0.0557507 0.000250996 0.1519
0.0549302 0.000251904 0.152
0.0541041 0.000252799 0.1521
0.0532725 0.000253679 0.1522
0.0524354 0.000254546 0.1523
0.0515929 0.000255398 0.1524
0.0507452 0.000256237 0.1525
0.0498923 0.000257061 0.1526
0.0490343 0.000257871 0.1527
0.0481712 0.000258667 0.1528
0.0473033 0.000259448 0.1529
0.0464304 0.000260215 0.153
0.0455529 0.000260967 0.1531
0.0446706 0.000261704 0.1532
0.0437838 0.000262427 0.1533
0.0428925 0.000263135 0.1534
0.0419968 0.000263828 0.1535
0.0410968 0.000264506 0.1536
0.0401925 0.000265168 0.1537
0.0392841 0.000265816 0.1538
0.0383717 0.000266449 0.1539
0.0374553 0.000267066 0.154
0.0365351 0.000267668 0.1541
0.0356111 0.000268254 0.1542
0.0346834 0.000268825 0.1543
0.0337521 0.000269381 0.1544
0.0328174 0.000269921 0.1545
0.0318792 0.000270445 0.1546
0.0309378 0.000270954 0.1547
0.0299931 0.000271447 0.1548
0.0290453 0.000271924 0.1549
0.0280946 0.000272386 0.155
0.0271408 0.000272831 0.1551
0.0261843 0.000273261 0.1552
0.025225 0.000273674 0.1553
0.0242631 0.000274072 0.1554
0.0232987 0.000274454 0.1555
0.0223318 0.000274819 0.1556
0.0213625 0.000275168 0.1557
0.020391 0.000275501 0.1558
0.0194174 0.000275818 0.1559
0.0184417 0.000276119 0.156
0.017464 0.000276403 0.1561
0.0164845 0.000276671 0.1562
0.0155032 0.000276923 0.1563
0.0145203 0.000277158 0.1564
0.0135358 0.000277377 0.1565
0.0125498 0.000277579 0.1566
0.0115625 0.000277765 0.1567
0.0105739 0.000277935 0.1568
0.00958409 0.000278088 0.1569
0.00859323 0.000278225 0.157
0.00760141 0.000278345 0.1571
0.00660871 0.000278448 0.1572
0.00561523 0.000278535 0.1573
0.00462108 0.000278605 0.1574
0.00362636 0.000278659 0.1575
0.00263116 0.000278696 0.1576
0.00163558 0.000278717 0.1577
0.000639732 0.000278721 0.1578
-0.000356298 0.000278708 0.1579
-0.00135241 0.000278679 0.158
-0.00234849 0.000278633 0.1581
-0.00334445 0.000278571 0.1582
-0.00434019 0.000278492 0.1583
-0.00533561 0.000278397 0.1584
-0.00633061 0.000278285 0.1585
-0.00732509 0.000278156 0.1586
-0.00831895 0.000278011 0.1587
-0.00931209 0.000277849 0.1588
-0.0103044 0.00027767 0.1589
-0.0112958 0.000277476 0.159
-0.0122862 0.000277264 0.1591
-0.0132755 0.000277036 0.1592
-0.0142635 0.000276792 0.1593
-0.0152503 0.000276531 0.1594
-0.0162356 0.000276254 0.1595
-0.0172194 0.000275961 0.1596
-0.0182016 0.000275651 0.1597
-0.0191821 0.000275324 0.1598
-0.0201608 0.000274982 0.1599
-0.0211376 0.000274623 0.16
-0.0221124 0.000274248 0.1601
-0.0230851 0.000273856 0.1602
-0.0240556 0.000273449 0.1603
-0.0250238 0.000273025 0.1604
-0.0259896 0.000272585 0.1605
-0.026953 0.000272129 0.1606
-0.0279137 0.000271658 0.1607
-0.0288718 0.00027117 0.1608
-0.0298271 0.000270666 0.1609
-0.0307795 0.000270146 0.161
-0.0317289 0.000269611 0.1611
-0.0326753 0.00026906 0.1612
-0.0336186 0.000268493 0.1613
-0.0345585 0.00026791 0.1614
-0.0354952 0.000267312 0.1615
-0.0364284 0.000266698 0.1616
-0.0373581 0.000266069 0.1617
-0.0382841 0.000265424 0.1618
-0.0392065 0.000264764 0.1619
-0.040125 0.000264088 0.162
-0.0410396 0.000263398 0.1621
-0.0419502 0.000262692 0.1622
-0.0428568 0.000261971 0.1623
-0.0437592 0.000261235 0.1624
-0.0446573 0.000260484 0.1625
-0.045551 0.000259718 0.1626
-0.0464404 0.000258937 0.1627
-0.0473251 0.000258142 0.1628
-0.0482053 0.000257332 0.1629
-0.0490807 0.000256507 0.163
-0.0499514 0.000255667 0.1631
-0.0508172 0.000254814 0.1632
-0.051678 0.000253946 0.1633
-0.0525337 0.000253063 0.1634
-0.0533843 0.000252167 0.1635
-0.0542297 0.000251256 0.1636
-0.0550698 0.000250331 0.1637
-0.0559044 0.000249393 0.1638
-0.0567336 0.00024844 0.1639
-0.0575573 0.000247474 0.164
-0.0583753 0.000246494 0.1641
-0.0591875 0.000245501 0.1642
-0.059994 0.000244494 0.1643
-0.0607945 0.000243474 0.1644
-0.0615891 0.000242441 0.1645
-0.0623777 0.000241394 0.1646
-0.0631601 0.000240334 0.1647
-0.0639363 0.000239262 0.1648
-0.0647062 0.000238176 0.1649
-0.0654698 0.000237078 0.165
-0.0662269 0.000235967 0.1651
-0.0669776 0.000234844 0.1652
-0.0677216 0.000233708 0.1653
-0.068459 0.00023256 0.1654
-0.0691896 0.0002314 0.1655
-0.0699135 0.000230228 0.1656
-0.0706304 0.000229043 0.1657
-0.0713404 0.000227847 0.1658
-0.0720434 0.000226639 0.1659
-0.0727393 0.00022542 0.166
-0.073428 0.000224189 0.1661
-0.0741095 0.000222946 0.1662
-0.0747837 0.000221693 0.1663
-0.0754505 0.000220428 0.1664
-0.0761099 0.000219152 0.1665
-0.0767618 0.000217866 0.1666
-0.0774061 0.000216568 0.1667
-0.0780428 0.00021526 0.1668
-0.0786718 0.000213942 0.1669
-0.0792931 0.000212613 0.167
-0.0799065 0.000211274 0.1671
-0.080512 0.000209924 0.1672
-0.0811096 0.000208565 0.1673
-0.0816992 0.000207196 0.1674
-0.0822808 0.000205817 0.1675
-0.0828542 0.000204429 0.1676
-0.0834194 0.000203031 0.1677
-0.0839765 0.000201624 0.1678
-0.0845252 0.000200208 0.1679
-0.0850656 0.000198783 0.168
-0.0855976 0.000197348 0.1681
-0.0861211 0.000195905 0.1682
-0.0866362 0.000194454 0.1683
-0.0871426 0.000192994 0.1684
-0.0876405 0.000191526 0.1685
-0.0881298 0.000190049 0.1686
-0.0886103 0.000188565 0.1687
-0.0890821 0.000187072 0.1688
-0.089545 0.000185572 0.1689
-0.0899992 0.000184064 0.169
-0.0904444 0.000182549 0.1691
-0.0908807 0.000181027 0.1692
-0.0913081 0.000179497 0.1693
-0.0917264 0.00017796 0.1694
-0.0921356 0.000176417 0.1695
-0.0925357 0.000174867 0.1696
-0.0929267 0.00017331 0.1697
-0.0933086 0.000171747 0.1698
-0.0936812 0.000170178 0.1699
-0.0940445 0.000168602 0.17
-0.0943985 0.000167021 0.1701
-0.0947433 0.000165434 0.1702
-0.0950786 0.000163841 0.1703
-0.0954045 0.000162243 0.1704
-0.0957211 0.00016064 0.1705
-0.0960281 0.000159031 0.1706
-0.0963257 0.000157418 0.1707
-0.0966137 0.000155799 0.1708
-0.0968922 0.000154176 0.1709
-0.0971611 0.000152549 0.171
-0.0974204 0.000150917 0.1711
-0.0976701 0.000149281 0.1712
-0.0979101 0.000147641 0.1713
-0.0981404 0.000145997 0.1714
-0.0983611 0.000144349 0.1715
-0.0985719 0.000142698 0.1716
-0.0987731 0.000141043 0.1717
-0.0989645 0.000139385 0.1718
-0.0991461 0.000137724 0.1719
-0.0993179 0.000136061 0.172
-0.0994798 0.000134394 0.1721
-0.099632 0.000132725 0.1722
-0.0997742 0.000131054 0.1723
-0.0999066 0.00012938 0.1724
-0.100029 0.000127704 0.1725
-0.100142 0.000126027 0.1726
-0.100245 0.000124347 0.1727
-0.100337 0.000122666 0.1728
-0.10042 0.000120984 0.1729
-0.100493 0.000119301 0.173
-0.100556 0.000117616 0.1731
-0.100609 0.00011593 0.1732
-0.100652 0.000114244 0.1733
-0.100685 0.000112557 0.1734
-0.100709 0.00011087 0.1735
-0.100722 0.000109182 0.1736
-0.100725 0.000107495 0.1737
-0.100719 0.000105807 0.1738
-0.100702 0.00010412 0.1739
-0.100675 0.000102433 0.174
-0.100639 0.000100747 0.1741
-0.100592 9.90611e-05 0.1742
-0.100536 9.73765e-05 0.1743
-0.100469 9.56929e-05 0.1744
-0.100393 9.40106e-05 0.1745
-0.100307 9.23298e-05 0.1746
-0.10021 9.06505e-05 0.1747
-0.100104 8.89729e-05 0.1748
-0.0999882 8.72973e-05 0.1749
-0.0998622 8.56237e-05 0.175
-0.0997264 8.39523e-05 0.1751
-0.0995808 8.22834e-05 0.1752
-0.0994252 8.0617e-05 0.1753
-0.0992599 7.89534e-05 0.1754
-0.0990847 7.72926e-05 0.1755
-0.0988998 7.5635e-05 0.1756
-0.098705 7.39805e-05 0.1757
-0.0985005 7.23294e-05 0.1758
-0.0982862 7.06819e-05 0.1759
-0.0980623 6.9038e-05 0.176
-0.0978286 6.73981e-05 0.1761
-0.0975852 6.57621e-05 0.1762
-0.0973322 6.41304e-05 0.1763
-0.0970696 6.2503e-05 0.1764
-0.0967974 6.08802e-05 0.1765
-0.0965156 5.92619e-05 0.1766
-0.0962243 5.76486e-05 0.1767
-0.0959234 5.60402e-05 0.1768
-0.0956131 5.4437e-05 0.1769
-0.0952933 5.2839e-05 0.177
-0.0949641 5.12466e-05 0.1771
-0.0946255 4.96597e-05 0.1772
-0.0942775 4.80787e-05 0.1773
-0.0939202 4.65035e-05 0.1774
-0.0935537 4.49345e-05 0.1775
-0.0931779 4.33716e-05 0.1776
-0.0927928 4.18152e-05 0.1777
-0.0923986 4.02653e-05 0.1778
-0.0919953 3.87222e-05 0.1779
-0.0915829 3.71858e-05 0.178
-0.0911614 3.56565e-05 0.1781
-0.090731 3.41343e-05 0.1782
-0.0902915 3.26195e-05 0.1783
-0.0898432 3.1112e-05 0.1784
-0.0893859 2.96122e-05 0.1785
-0.0889199 2.81201e-05 0.1786
-0.088445 2.66359e-05 0.1787
-0.0879614 2.51598e-05 0.1788
-0.0874691 2.36918e-05 0.1789
-0.0869682 2.22321e-05 0.179
-0.0864587 2.0781e-05 0.1791
-0.0859407 1.93384e-05 0.1792
-0.0854141 1.79046e-05 0.1793
-0.0848792 1.64797e-05 0.1794
-0.0843358 1.50638e-05 0.1795
-0.0837841 1.36571e-05 0.1796
-0.0832242 1.22597e-05 0.1797
-0.082656 1.08717e-05 0.1798
-0.0820797 9.49335e-06 0.1799
-0.0814953 8.1247e-06 0.18
-0.0809028 6.7659e-06 0.1801
-0.0803024 5.41709e-06 0.1802
-0.079694 4.0784e-06 0.1803
-0.0790778 2.74996e-06 0.1804
-0.0784537 1.4319e-06 0.1805
-0.077822 1.24351e-07 0.1806
-0.0771825 -1.17256e-06 0.1807
-0.0765355 -2.45871e-06 0.1808
-0.0758808 -3.73397e-06 0.1809
-0.0752188 -4.99821e-06 0.181
-0.0745493 -6.25132e-06 0.1811
-0.0738724 -7.49316e-06 0.1812
-0.0731883 -8.72362e-06 0.1813
-0.0724969 -9.94257e-06 0.1814
-0.0717984 -1.11499e-05 0.1815
-0.0710929 -1.23455e-05 0.1816
-0.0703803 -1.35292e-05 0.1817
-0.0696608 -1.4701e-05 0.1818
-0.0689345 -1.58607e-05 0.1819
-0.0682013 -1.70081e-05 0.182
-0.0674615 -1.81433e-05 0.1821
-0.066715 -1.9266e-05 0.1822
-0.0659619 -2.03762e-05 0.1823
-0.0652024 -2.14738e-05 0.1824
-0.0644364 -2.25586e-05 0.1825
-0.0636641 -2.36305e-05 0.1826
-0.0628855 -2.46895e-05 0.1827
-0.0621008 -2.57355e-05 0.1828
-0.0613099 -2.67682e-05 0.1829
-0.0605131 -2.77877e-05 0.183
-0.0597103 -2.87939e-05 0.1831
-0.0589016 -2.97865e-05 0.1832
-0.0580871 -3.07657e-05 0.1833
-0.0572669 -3.17311e-05 0.1834
-0.0564411 -3.26828e-05 0.1835
-0.0556098 -3.36207e-05 0.1836
-0.054773 -3.45446e-05 0.1837
-0.0539309 -3.54545e-05 0.1838
-0.0530834 -3.63503e-05 0.1839
-0.0522308 -3.72319e-05 0.184
-0.051373 -3.80993e-05 0.1841
-0.0505102 -3.89522e-05 0.1842
-0.0496425 -3.97907e-05 0.1843
-0.0487699 -4.06147e-05 0.1844
-0.0478925 -4.14241e-05 0.1845
-0.0470105 -4.22188e-05 0.1846
-0.0461239 -4.29987e-05 0.1847
-0.0452327 -4.37637e-05 0.1848
-0.0443371 -4.45139e-05 0.1849
-0.0434372 -4.52491e-05 0.185
-0.0425331 -4.59692e-05 0.1851
-0.0416248 -4.66742e-05 0.1852
-0.0407125 -4.73639e-05 0.1853
-0.0397962 -4.80385e-05 0.1854
-0.038876 -4.86977e-05 0.1855
-0.037952 -4.93415e-05 0.1856
-0.0370244 -4.99698e-05 0.1857
-0.0360931 -5.05827e-05 0.1858
-0.0351584 -5.118e-05 0.1859
-0.0342202 -5.17616e-05 0.186
-0.0332787 -5.23276e-05 0.1861
-0.032334 -5.28778e-05 0.1862
-0.0313862 -5.34123e-05 0.1863
-0.0304353 -5.39309e-05 0.1864
-0.0294815 -5.44336e-05 0.1865
-0.0285249 -5.49203e-05 0.1866
-0.0275655 -5.53911e-05 0.1867
-0.0266034 -5.58459e-05 0.1868
-0.0256388 -5.62846e-05 0.1869
-0.0246718 -5.67072e-05 0.187
-0.0237024 -5.71136e-05 0.1871
-0.0227307 -5.75038e-05 0.1872
-0.0217568 -5.78778e-05 0.1873
-0.0207809 -5.82356e-05 0.1874
-0.019803 -5.85771e-05 0.1875
-0.0188232 -5.89022e-05 0.1876
-0.0178417 -5.9211e-05 0.1877
-0.0168584 -5.95034e-05 0.1878
-0.0158736 -5.97794e-05 0.1879
-0.0148873 -6.00389e-05 0.188
-0.0138997 -6.0282e-05 0.1881
-0.0129107 -6.05086e-05 0.1882
-0.0119206 -6.07187e-05 0.1883
-0.0109293 -6.09123e-05 0.1884
-0.0099371 -6.10894e-05 0.1885
-0.00894398 -6.12499e-05 0.1886
-0.00795008 -6.13939e-05 0.1887
-0.00695549 -6.15212e-05 0.1888
-0.0059603 -6.1632e-05 0.1889
-0.00496463 -6.17262e-05 0.189
-0.00396856 -6.18038e-05 0.1891
-0.0029722 -6.18648e-05 0.1892
-0.00197565 -6.19092e-05 0.1893
-0.000979003 -6.19369e-05 0.1894
1.76365e-05 -6.19481e-05 0.1895
0.00101417 -6.19426e-05 0.1896
0.0020105 -6.19206e-05 0.1897
0.00300652 -6.18819e-05 0.1898
0.00400214 -6.18266e-05 0.1899
0.00499725 -6.17548e-05 0.19
0.00599176 -6.16664e-05 0.1901
0.00698556 -6.15614e-05 0.1902
0.00797856 -6.14398e-05 0.1903
0.00897066 -6.13017e-05 0.1904
0.00996176 -6.11471e-05 0.1905
0.0109518 -6.0976e-05 0.1906
0.0119406 -6.07884e-05 0.1907
0.0129281 -6.05844e-05 0.1908
0.0139142 -6.03639e-05 0.1909
0.0148988 -6.0127e-05 0.191
0.0158818 -5.98737e-05 0.1911
0.0168631 -5.9604e-05 0.1912
0.0178426 -5.9318e-05 0.1913
0.0188203 -5.90157e-05 0.1914
0.0197959 -5.86972e-05 0.1915
0.0207695 -5.83624e-05 0.1916
0.0217409 -5.80114e-05 0.1917
0.02271 -5.76443e-05 0.1918
0.0236768 -5.7261e-05 0.1919
0.024641 -5.68617e-05 0.192
0.0256027 -5.64463e-05 0.1921
0.0265618 -5.60149e-05 0.1922
0.0275181 -5.55676e-05 0.1923
0.0284715 -5.51044e-05 0.1924
0.029422 -5.46253e-05 0.1925
0.0303694 -5.41304e-05 0.1926
0.0313137 -5.36198e-05 0.1927
0.0322547 -5.30935e-05 0.1928
0.0331924 -5.25515e-05 0.1929
0.0341267 -5.1994e-05 0.193
0.0350575 -5.1421e-05 0.1931
0.0359847 -5.08324e-05 0.1932
0.0369082 -5.02285e-05 0.1933
0.0378278 -4.96093e-05 0.1934
0.0387436 -4.89747e-05 0.1935
0.0396555 -4.8325e-05 0.1936
0.0405632 -4.76601e-05 0.1937
0.0414668 -4.69801e-05 0.1938
0.0423661 -4.62852e-05 0.1939
0.0432611 -4.55753e-05 0.194
0.0441517 -4.48505e-05 0.1941
0.0450377 -4.4111e-05 0.1942
0.0459192 -4.33568e-05 0.1943
0.0467959 -4.25879e-05 0.1944
0.0476679 -4.18045e-05 0.1945
0.048535 -4.10067e-05 0.1946
0.0493971 -4.01944e-05 0.1947
0.0502542 -3.93679e-05 0.1948
0.0511062 -3.85271e-05 0.1949
0.0519529 -3.76722e-05 0.195
0.0527944 -3.68033e-05 0.1951
0.0536304 -3.59204e-05 0.1952
0.0544611 -3.50236e-05 0.1953
0.0552861 -3.41131e-05 0.1954
0.0561055 -3.31889e-05 0.1955
0.0569192 -3.22512e-05 0.1956
0.0577272 -3.12999e-05 0.1957
0.0585292 -3.03353e-05 0.1958
0.0593253 -2.93574e-05 0.1959
0.0601153 -2.83663e-05 0.196
0.0608993 -2.73621e-05 0.1961
0.061677 -2.63449e-05 0.1962
0.0624485 -2.53149e-05 0.1963
0.0632136 -2.42721e-05 0.1964
0.0639723 -2.32166e-05 0.1965
0.0647245 -2.21486e-05 0.1966
0.0654702 -2.10681e-05 0.1967
0.0662091 -1.99753e-05 0.1968
0.0669414 -1.88702e-05 0.1969
0.0676668 -1.77531e-05 0.197
0.0683854 -1.66239e-05 0.1971
0.0690971 -1.54829e-05 0.1972
0.0698017 -1.43301e-05 0.1973
0.0704993 -1.31657e-05 0.1974
0.0711897 -1.19897e-05 0.1975
0.0718729 -1.08023e-05 0.1976
0.0725487 -9.60366e-06 0.1977
0.0732173 -8.39383e-06 0.1978
0.0738784 -7.17297e-06 0.1979
0.074532 -5.94119e-06 0.198
0.0751781 -4.69861e-06 0.1981
0.0758165 -3.44538e-06 0.1982
0.0764473 -2.18161e-06 0.1983
0.0770703 -9.07436e-07 0.1984
0.0776855 3.77017e-07 0.1985
0.0782928 1.67161e-06 0.1986
0.0788922 2.97622e-06 0.1987
0.0794836 4.29072e-06 0.1988
0.080067 5.61495e-06 0.1989
0.0806423 6.9488e-06 0.199
0.0812093 8.29213e-06 0.1991
0.0817682 9.64479e-06 0.1992
0.0823188 1.10067e-05 0.1993
0.082861 1.23776e-05 0.1994
0.0833949 1.37574e-05 0.1995
0.0839203 1.51461e-05 0.1996
0.0844373 1.65433e-05 0.1997
0.0849456 1.79491e-05 0.1998
0.0854454 1.93632e-05 0.1999
0.0859366 2.07856e-05 0.2
0.086419 2.2216e-05 0.2001
0.0868927 2.36543e-05 0.2002
0.0873576 2.51004e-05 0.2003
0.0878137 2.65541e-05 0.2004
0.0882609 2.80153e-05 0.2005
0.0886992 2.94838e-05 0.2006
0.0891285 3.09595e-05 0.2007
0.0895487 3.24423e-05 0.2008
0.08996 3.39319e-05 0.2009
0.0903621 3.54283e-05 0.201
0.0907551 3.69312e-05 0.2011
0.0911389 3.84406e-05 0.2012
0.0915135 3.99562e-05 0.2013
0.0918788 4.14779e-05 0.2014
0.0922349 4.30056e-05 0.2015
0.0925816 4.45391e-05 0.2016
0.092919 4.60783e-05 0.2017
0.0932469 4.7623e-05 0.2018
0.0935655 4.9173e-05 0.2019
0.0938746 5.07281e-05 0.202
0.0941742 5.22883e-05 0.2021
0.0944643 5.38534e-05 0.2022
0.0947448 5.54231e-05 0.2023
0.0950158 5.69974e-05 0.2024
0.0952771 5.85761e-05 0.2025
0.0955289 6.0159e-05 0.2026
0.0957709 6.1746e-05 0.2027
0.0960033 6.33369e-05 0.2028
0.096226 6.49315e-05 0.2029
0.096439 6.65297e-05 0.203
0.0966422 6.81313e-05 0.2031
0.0968357 6.97362e-05 0.2032
0.0970194 7.13441e-05 0.2033
0.0971933 7.2955e-05 0.2034
0.0973573 7.45687e-05 0.2035
0.0975115 7.61849e-05 0.2036
0.0976559 7.78036e-05 0.2037
0.0977904 7.94245e-05 0.2038
0.097915 8.10476e-05 0.2039
0.0980298 8.26726e-05 0.204
0.0981346 8.42994e-05 0.2041
0.0982295 8.59278e-05 0.2042
0.0983145 8.75576e-05 0.2043
0.0983895 8.91887e-05 0.2044
0.0984547 9.08209e-05 0.2045
0.0985098 9.24541e-05 0.2046
0.0985551 9.40881e-05 0.2047
0.0985903 9.57227e-05 0.2048
0.0986156 9.73577e-05 0.2049
0.098631 9.8993e-05 0.205
0.0986363 0.000100628 0.2051
0.0986318 0.000102264 0.2052
0.0986172 0.000103899 0.2053
0.0985927 0.000105534 0.2054
0.0985582 0.000107168 0.2055
0.0985138 0.000108802 0.2056
0.0984594 0.000110434 0.2057
0.0983951 0.000112066 0.2058
0.0983209 0.000113696 0.2059
0.0982367 0.000115325 0.206
0.0981425 0.000116953 0.2061
0.0980385 0.000118579 0.2062
0.0979246 0.000120203 0.2063
0.0978007 0.000121824 0.2064
0.097667 0.000123444 0.2065
0.0975235 0.000125062 0.2066
0.09737 0.000126676 0.2067
0.0972068 0.000128288 0.2068
0.0970337 0.000129898 0.2069
0.0968508 0.000131504 0.207
0.0966581 0.000133107 0.2071
0.0964557 0.000134707 0.2072
0.0962435 0.000136303 0.2073
0.0960216 0.000137895 0.2074
0.09579 0.000139484 0.2075
0.0955487 0.000141069 0.2076
0.0952977 0.000142649 0.2077
0.0950372 0.000144226 0.2078
0.094767 0.000145797 0.2079
0.0944872 0.000147365 0.208
0.0941979 0.000148927 0.2081
0.0938991 0.000150484 0.2082
0.0935908 0.000152037 0.2083
0.093273 0.000153584 0.2084
0.0929458 0.000155125 0.2085
0.0926092 0.000156661 0.2086
0.0922633 0.000158192 0.2087
0.091908 0.000159716 0.2088
0.0915435 0.000161234 0.2089
0.0911696 0.000162746 0.209
0.0907866 0.000164252 0.2091
0.0903944 0.000165751 0.2092
0.089993 0.000167244 0.2093
0.0895826 0.00016873 0.2094
0.0891631 0.000170209 0.2095
0.0887345 0.00017168 0.2096
0.0882971 0.000173145 0.2097
0.0878506 0.000174602 0.2098
0.0873953 0.000176051 0.2099
0.0869312 0.000177493 0.21
0.0864582 0.000178927 0.2101
0.0859765 0.000180353 0.2102
0.0854862 0.000181771 0.2103
0.0849871 0.00018318 0.2104
0.0844795 0.000184581 0.2105
0.0839633 0.000185974 0.2106
0.0834387 0.000187358 0.2107
0.0829055 0.000188732 0.2108
0.082364 0.000190098 0.2109
0.0818142 0.000191455 0.211
0.0812561 0.000192803 0.2111
0.0806897 0.000194141 0.2112
0.0801152 0.000195469 0.2113
0.0795326 0.000196788 0.2114
0.0789419 0.000198097 0.2115
0.0783433 0.000199396 0.2116
0.0777367 0.000200685 0.2117
0.0771222 0.000201964 0.2118
0.0764999 0.000203232 0.2119
0.0758699 0.00020449 0.212
0.0752322 0.000205737 0.2121
0.0745868 0.000206974 0.2122
0.0739339 0.0002082 0.2123
0.0732735 0.000209415 0.2124
0.0726057 0.000210618 0.2125
0.0719306 0.000211811 0.2126
0.0712481 0.000212992 0.2127
0.0705584 0.000214161 0.2128
0.0698616 0.000215319 0.2129
0.0691576 0.000216466 0.213
0.0684467 0.0002176 0.2131
0.0677288 0.000218723 0.2132
0.0670041 0.000219833 0.2133
0.0662725 0.000220931 0.2134
0.0655342 0.000222017 0.2135
0.0647893 0.000223091 0.2136
0.0640378 0.000224152 0.2137
0.0632798 0.000225201 0.2138
0.0625154 0.000226236 0.2139
0.0617446 0.000227259 0.214
0.0609675 0.000228269 0.2141
0.0601843 0.000229266 0.2142
0.0593949 0.00023025 0.2143
0.0585995 0.000231221 0.2144
0.0577981 0.000232178 0.2145
0.0569909 0.000233122 0.2146
0.0561778 0.000234052 0.2147
0.0553591 0.000234969 0.2148
0.0545347 0.000235872 0.2149
0.0537047 0.000236761 0.215
0.0528693 0.000237637 0.2151
0.0520285 0.000238498 0.2152
0.0511824 0.000239345 0.2153
0.0503311 0.000240178 0.2154
0.0494747 0.000240997 0.2155
0.0486132 0.000241801 0.2156
0.0477468 0.000242591 0.2157
0.0468754 0.000243367 0.2158
0.0459993 0.000244128 0.2159
0.0451185 0.000244874 0.216
0.0442331 0.000245605 0.2161
0.0433432 0.000246322 0.2162
0.0424488 0.000247024 0.2163
0.0415501 0.000247711 0.2164
0.0406472 0.000248382 0.2165
0.03974 0.000249039 0.2166
0.0388289 0.000249681 0.2167
0.0379137 0.000250307 0.2168
0.0369946 0.000250918 0.2169
0.0360718 0.000251513 0.217
0.0351452 0.000252094 0.2171
0.034215 0.000252658 0.2172
0.0332813 0.000253207 0.2173
0.0323442 0.000253741 0.2174
0.0314038 0.000254259 0.2175
0.0304601 0.000254761 0.2176
0.0295132 0.000255247 0.2177
0.0285634 0.000255718 0.2178
0.0276105 0.000256173 0.2179
0.0266548 0.000256611 0.218
0.0256964 0.000257034 0.2181
0.0247353 0.000257441 0.2182
0.0237716 0.000257832 0.2183
0.0228054 0.000258207 0.2184
0.0218368 0.000258565 0.2185
0.020866 0.000258907 0.2186
0.019893 0.000259234 0.2187
0.0189179 0.000259543 0.2188
0.0179408 0.000259837 0.2189
0.0169619 0.000260114 0.219
0.0159811 0.000260375 0.2191
0.0149986 0.00026062 0.2192
0.0140146 0.000260848 0.2193
0.013029 0.00026106 0.2194
0.012042 0.000261256 0.2195
0.0110538 0.000261434 0.2196
0.0100643 0.000261597 0.2197
0.00907376 0.000261743 0.2198
0.00808219 0.000261872 0.2199
0.00708972 0.000261985 0.22
0.00609644 0.000262081 0.2201
0.00510245 0.000262161 0.2202
0.00410786 0.000262224 0.2203
0.00311276 0.000262271 0.2204
0.00211725 0.000262301 0.2205
0.00112144 0.000262314 0.2206
0.000125411 0.000262311 0.2207
-0.000870723 0.000262291 0.2208
-0.00186687 0.000262255 0.2209
-0.00286292 0.000262202 0.221
-0.00385878 0.000262133 0.2211
-0.00485436 0.000262046 0.2212
-0.00584954 0.000261944 0.2213
-0.00684424 0.000261824 0.2214
-0.00783835 0.000261688 0.2215
-0.00883177 0.000261536 0.2216
-0.00982441 0.000261367 0.2217
-0.0108162 0.000261182 0.2218
-0.0118069 0.00026098 0.2219
-0.0127966 0.000260761 0.222
-0.0137851 0.000260526 0.2221
-0.0147723 0.000260275 0.2222
-0.0157581 0.000260007 0.2223
-0.0167425 0.000259722 0.2224
-0.0177253 0.000259422 0.2225
-0.0187064 0.000259105 0.2226
-0.0196857 0.000258771 0.2227
-0.0206631 0.000258422 0.2228
-0.0216386 0.000258056 0.2229
-0.022612 0.000257674 0.223
-0.0235833 0.000257276 0.2231
-0.0245523 0.000256861 0.2232
-0.0255189 0.000256431 0.2233
-0.0264831 0.000255984 0.2234
-0.0274447 0.000255521 0.2235
-0.0284036 0.000255043 0.2236
-0.0293599 0.000254548 0.2237
-0.0303133 0.000254037 0.2238
-0.0312637 0.000253511 0.2239
-0.0322111 0.000252969 0.224
-0.0331554 0.000252411 0.2241
-0.0340965 0.000251838 0.2242
-0.0350343 0.000251248 0.2243
-0.0359686 0.000250644 0.2244
-0.0368995 0.000250023 0.2245
-0.0378267 0.000249387 0.2246
-0.0387503 0.000248736 0.2247
-0.0396701 0.00024807 0.2248
-0.040586 0.000247388 0.2249
-0.0414979 0.000246691 0.225
-0.0424058 0.000245979 0.2251
-0.0433096 0.000245252 0.2252
-0.0442091 0.00024451 0.2253
-0.0451043 0.000243752 0.2254
-0.0459951 0.00024298 0.2255
-0.0468814 0.000242194 0.2256
-0.0477631 0.000241392 0.2257
-0.0486401 0.000240576 0.2258
-0.0495123 0.000239746 0.2259
-0.0503797 0.0002389 0.226
-0.0512421 0.000238041 0.2261
-0.0520995 0.000237167 0.2262
-0.0529518 0.000236279 0.2263
-0.0537989 0.000235377 0.2264
-0.0546407 0.000234461 0.2265
-0.0554772 0.000233531 0.2266
-0.0563081 0.000232587 0.2267
-0.0571336 0.000231629 0.2268
-0.0579534 0.000230658 0.2269
-0.0587676 0.000229673 0.227
-0.0595759 0.000228674 0.2271
-0.0603784 0.000227662 0.2272
-0.0611749 0.000226637 0.2273
-0.0619655 0.000225599 0.2274
-0.0627499 0.000224547 0.2275
-0.0635281 0.000223483 0.2276
-0.0643001 0.000222405 0.2277
-0.0650658 0.000221315 0.2278
-0.065825 0.000220213 0.2279
-0.0665777 0.000219097 0.228
-0.0673239 0.000217969 0.2281
-0.0680635 0.000216829 0.2282
-0.0687963 0.000215677 0.2283
-0.0695224 0.000214512 0.2284
-0.0702416 0.000213336 0.2285
-0.0709538 0.000212148 0.2286
-0.0716591 0.000210948 0.2287
-0.0723573 0.000209736 0.2288
-0.0730483 0.000208512 0.2289
-0.0737322 0.000207278 0.229
-0.0744087 0.000206032 0.2291
-0.075078 0.000204775 0.2292
-0.0757398 0.000203506 0.2293
-0.0763941 0.000202227 0.2294
-0.0770409 0.000200937 0.2295
-0.07768 0.000199637 0.2296
-0.0783115 0.000198325 0.2297
-0.0789353 0.000197004 0.2298
-0.0795513 0.000195672 0.2299
-0.0801594 0.00019433 0.23
-0.0807595 0.000192978 0.2301
-0.0813517 0.000191616 0.2302
-0.0819359 0.000190244 0.2303
-0.0825119 0.000188863 0.2304
-0.0830798 0.000187472 0.2305
-0.0836395 0.000186072 0.2306
-0.0841909 0.000184663 0.2307
-0.084734 0.000183244 0.2308
-0.0852687 0.000181817 0.2309
-0.085795 0.000180381 0.231
-0.0863128 0.000178936 0.2311
-0.0868221 0.000177483 0.2312
-0.0873228 0.000176021 0.2313
-0.0878148 0.000174551 0.2314
-0.0882981 0.000173073 0.2315
-0.0887727 0.000171587 0.2316
-0.0892386 0.000170093 0.2317
-0.0896956 0.000168592 0.2318
-0.0901437 0.000167083 0.2319
-0.0905829 0.000165567 0.232
-0.0910131 0.000164044 0.2321
-0.0914343 0.000162513 0.2322
-0.0918465 0.000160976 0.2323
-0.0922496 0.000159432 0.2324
-0.0926436 0.000157881 0.2325
-0.0930283 0.000156324 0.2326
-0.0934039 0.000154761 0.2327
-0.0937702 0.000153191 0.2328
-0.0941273 0.000151616 0.2329
-0.094475 0.000150035 0.233
-0.0948134 0.000148448 0.2331
-0.0951424 0.000146855 0.2332
-0.0954619 0.000145258 0.2333
-0.0957721 0.000143655 0.2334
-0.0960727 0.000142047 0.2335
-0.0963638 0.000140434 0.2336
-0.0966454 0.000138816 0.2337
-0.0969174 0.000137194 0.2338
-0.0971798 0.000135567 0.2339
-0.0974326 0.000133937 0.234
-0.0976757 0.000132302 0.2341
-0.0979091 0.000130663 0.2342
-0.0981329 0.00012902 0.2343
-0.0983469 0.000127374 0.2344
-0.0985512 0.000125725 0.2345
-0.0987458 0.000124072 0.2346
-0.0989305 0.000122416 0.2347
-0.0991055 0.000120757 0.2348
-0.0992706 0.000119095 0.2349
-0.0994259 0.000117431 0.235
-0.0995714 0.000115764 0.2351
-0.099707 0.000114095 0.2352
-0.0998327 0.000112424 0.2353
-0.0999485 0.000110751 0.2354
-0.100054 0.000109076 0.2355
-0.10015 0.0001074 0.2356
-0.100237 0.000105722 0.2357
-0.100313 0.000104043 0.2358
-0.100379 0.000102362 0.2359
-0.100435 0.000100681 0.236
-0.100481 9.89987e-05 0.2361
-0.100518 9.73159e-05 0.2362
-0.100544 9.56327e-05 0.2363
-0.100561 9.39492e-05 0.2364
-0.100567 9.22655e-05 0.2365
-0.100564 9.05818e-05 0.2366
-0.10055 8.88984e-05 0.2367
-0.100527 8.72153e-05 0.2368
-0.100493 8.55328e-05 0.2369
-0.10045 8.38509e-05 0.237
-0.100397 8.21699e-05 0.2371
-0.100334 8.049e-05 0.2372
-0.100261 7.88112e-05 0.2373
-0.100177 7.71338e-05 0.2374
-0.100084 7.54579e-05 0.2375
-0.0999815 7.37837e-05 0.2376
-0.0998686 7.21114e-05 0.2377
-0.0997459 7.04411e-05 0.2378
-0.0996133 6.87729e-05 0.2379
-0.0994708 6.71071e-05 0.238
-0.0993184 6.54439e-05 0.2381
-0.0991562 6.37833e-05 0.2382
-0.0989842 6.21255e-05 0.2383
-0.0988024 6.04708e-05 0.2384
-0.0986108 5.88192e-05 0.2385
-0.0984095 5.71709e-05 0.2386
-0.0981984 5.55262e-05 0.2387
-0.0979775 5.38851e-05 0.2388
-0.097747 5.22478e-05 0.2389
-0.0975067 5.06145e-05 0.239
-0.0972568 4.89853e-05 0.2391
-0.0969973 4.73604e-05 0.2392
-0.0967282 4.574e-05 0.2393
-0.0964495 4.41243e-05 0.2394
-0.0961612 4.25132e-05 0.2395
-0.0958634 4.09072e-05 0.2396
-0.0955562 3.93062e-05 0.2397
-0.0952394 3.77105e-05 0.2398
-0.0949132 3.61202e-05 0.2399
-0.0945777 3.45354e-05 0.24
-0.0942327 3.29564e-05 0.2401
-0.0938784 3.13833e-05 0.2402
-0.0935149 2.98162e-05 0.2403
-0.0931421 2.82553e-05 0.2404
-0.09276 2.67007e-05 0.2405
-0.0923688 2.51526e-05 0.2406
-0.0919684 2.36112e-05 0.2407
-0.0915589 2.20766e-05 0.2408
-0.0911404 2.05489e-05 0.2409
-0.0907128 1.90284e-05 0.241
-0.0902762 1.7515e-05 0.2411
-0.0898308 1.60091e-05 0.2412
-0.0893764 1.45108e-05 0.2413
-0.0889132 1.30201e-05 0.2414
-0.0884411 1.15373e-05 0.2415
-0.0879604 1.00624e-05 0.2416
-0.0874709 8.59575e-06 0.2417
-0.0869727 7.13733e-06 0.2418
-0.086466 5.68734e-06 0.2419
-0.0859507 4.24591e-06 0.242
-0.0854269 2.81319e-06 0.2421
-0.0848947 1.38931e-06 0.2422
-0.084354 -2.55742e-08 0.2423
-0.083805 -1.43133e-06 0.2424
-0.0832478 -2.82782e-06 0.2425
-0.0826822 -4.21491e-06 0.2426
-0.0821085 -5.59246e-06 0.2427
-0.0815267 -6.96033e-06 0.2428
-0.0809369 -8.3184e-06 0.2429
-0.080339 -9.66652e-06 0.243
-0.0797332 -1.10046e-05 0.2431
-0.0791195 -1.23324e-05 0.2432
-0.078498 -1.36499e-05 0.2433
-0.0778687 -1.49569e-05 0.2434
-0.0772317 -1.62534e-05 0.2435
-0.0765871 -1.75391e-05 0.2436
-0.0759349 -1.88139e-05 0.2437
-0.0752753 -2.00778e-05 0.2438
-0.0746082 -2.13306e-05 0.2439
-0.0739337 -2.25722e-05 0.244
-0.0732519 -2.38024e-05 0.2441
-0.0725629 -2.50212e-05 0.2442
-0.0718667 -2.62283e-05 0.2443
-0.0711634 -2.74238e-05 0.2444
-0.0704531 -2.86075e-05 0.2445
-0.0697359 -2.97792e-05 0.2446
-0.0690117 -3.09389e-05 0.2447
-0.0682808 -3.20864e-05 0.2448
-0.0675431 -3.32216e-05 0.2449
-0.0667987 -3.43444e-05 0.245
-0.0660478 -3.54548e-05 0.2451
-0.0652904 -3.65525e-05 0.2452
-0.0645265 -3.76375e-05 0.2453
-0.0637562 -3.87097e-05 0.2454
-0.0629797 -3.9769e-05 0.2455
-0.0621969 -4.08152e-05 0.2456
-0.0614081 -4.18483e-05 0.2457
-0.0606131 -4.28682e-05 0.2458
-0.0598122 -4.38748e-05 0.2459
-0.0590055 -4.48679e-05 0.246
-0.0581929 -4.58475e-05 0.2461
-0.0573745 -4.68134e-05 0.2462
-0.0565506 -4.77657e-05 0.2463
-0.055721 -4.87041e-05 0.2464
-0.054886 -4.96286e-05 0.2465
-0.0540456 -5.05392e-05 0.2466
-0.0531999 -5.14356e-05 0.2467
-0.0523489 -5.23179e-05 0.2468
-0.0514928 -5.3186e-05 0.2469
-0.0506317 -5.40396e-05 0.247
-0.0497655 -5.48789e-05 0.2471
-0.0488945 -5.57037e-05 0.2472
-0.0480187 -5.65139e-05 0.2473
-0.0471382 -5.73094e-05 0.2474
-0.046253 -5.80902e-05 0.2475
-0.0453633 -5.88561e-05 0.2476
-0.0444692 -5.96072e-05 0.2477
-0.0435707 -6.03433e-05 0.2478
-0.0426679 -6.10644e-05 0.2479
-0.041761 -6.17704e-05 0.248
-0.04085 -6.24612e-05 0.2481
-0.039935 -6.31367e-05 0.2482
-0.0390161 -6.3797e-05 0.2483
-0.0380933 -6.44419e-05 0.2484
-0.0371669 -6.50713e-05 0.2485
-0.0362368 -6.56853e-05 0.2486
-0.0353032 -6.62837e-05 0.2487
-0.0343661 -6.68665e-05 0.2488
-0.0334257 -6.74337e-05 0.2489
-0.0324821 -6.79851e-05 0.249
-0.0315353 -6.85207e-05 0.2491
-0.0305854 -6.90406e-05 0.2492
-0.0296326 -6.95445e-05 0.2493
-0.0286769 -7.00325e-05 0.2494
-0.0277184 -7.05046e-05 0.2495
-0.0267572 -7.09607e-05 0.2496
-0.0257935 -7.14007e-05 0.2497
-0.0248272 -7.18246e-05 0.2498
-0.0238586 -7.22323e-05 0.2499
-0.0228876 -7.26239e-05 0.25
-0.0219145 -7.29993e-05 0.2501
-0.0209393 -7.33584e-05 0.2502
-0.019962 -7.37012e-05 0.2503
-0.0189829 -7.40278e-05 0.2504
-0.0180019 -7.43379e-05 0.2505
-0.0170192 -7.46317e-05 0.2506
-0.016035 -7.49091e-05 0.2507
-0.0150492 -7.51701e-05 0.2508
-0.014062 -7.54147e-05 0.2509
-0.0130734 -7.56427e-05 0.251
-0.0120837 -7.58543e-05 0.2511
-0.0110928 -7.60493e-05 0.2512
-0.010101 -7.62279e-05 0.2513
-0.00910815 -7.63898e-05 0.2514
