0 0 0.0001
4.00601e-05 0 0.0002
0.000123887 6.67601e-10 0.0003
0.000247313 2.73213e-09 0.0004
0.000406564 6.85337e-09 0.0005
0.000598223 1.36282e-08 0.0006
0.000819198 2.35964e-08 0.0007
0.00106669 3.72464e-08 0.0008
0.00133816 5.50197e-08 0.0009
0.00163132 7.73155e-08 0.001
0.00194408 1.04495e-07 0.0011
0.00227456 1.36884e-07 0.0012
0.00262106 1.74778e-07 0.0013
0.00298204 2.18444e-07 0.0014
0.0033561 2.68121e-07 0.0015
0.00374196 3.24028e-07 0.0016
0.00413849 3.86361e-07 0.0017
0.00454464 4.55297e-07 0.0018
0.00495946 5.30995e-07 0.0019
0.00538212 6.13601e-07 0.002
0.00581183 7.03242e-07 0.0021
0.00624788 8.00038e-07 0.0022
0.00668966 9.04092e-07 0.0023
0.00713657 1.0155e-06 0.0024
0.00758809 1.13435e-06 0.0025
0.00804376 1.26071e-06 0.0026
0.00850314 1.39465e-06 0.0027
0.00896583 1.53624e-06 0.0028
0.00943149 1.68553e-06 0.0029
0.00989979 1.84256e-06 0.003
0.0103704 2.00739e-06 0.0031
0.0108432 2.18005e-06 0.0032
0.0113177 2.36057e-06 0.0033
0.0117939 2.54898e-06 0.0034
0.0122715 2.74531e-06 0.0035
0.0127504 2.94959e-06 0.0036
0.0132303 3.16183e-06 0.0037
0.0137111 3.38205e-06 0.0038
0.0141928 3.61026e-06 0.0039
0.014675 3.84648e-06 0.004
0.0151578 4.09072e-06 0.0041
0.0156411 4.34299e-06 0.0042
0.0161246 4.60328e-06 0.0043
0.0166084 4.87162e-06 0.0044
0.0170924 5.14799e-06 0.0045
0.0175765 5.43241e-06 0.0046
0.0180606 5.72487e-06 0.0047
0.0185446 6.02537e-06 0.0048
0.0190286 6.33391e-06 0.0049
0.0195123 6.65049e-06 0.005
0.0199959 6.97511e-06 0.0051
0.0204793 7.30776e-06 0.0052
0.0209623 7.64844e-06 0.0053
0.021445 7.99714e-06 0.0054
0.0219273 8.35386e-06 0.0055
0.0224092 8.71858e-06 0.0056
0.0228907 9.0913e-06 0.0057
0.0233716 9.47202e-06 0.0058
0.0238521 9.86071e-06 0.0059
0.0243321 1.02574e-05 0.006
0.0248115 1.0662e-05 0.0061
0.0252903 1.10746e-05 0.0062
0.0257685 1.14952e-05 0.0063
0.0262461 1.19236e-05 0.0064
0.026723 1.236e-05 0.0065
0.0271993 1.28043e-05 0.0066
0.0276749 1.32566e-05 0.0067
0.0281497 1.37167e-05 0.0068
0.0286239 1.41846e-05 0.0069
0.0290973 1.46605e-05 0.007
0.0295699 1.51441e-05 0.0071
0.0300418 1.56357e-05 0.0072
0.0305129 1.6135e-05 0.0073
0.0309831 1.66422e-05 0.0074
0.0314526 1.71571e-05 0.0075
0.0319212 1.76798e-05 0.0076
0.0323889 1.82103e-05 0.0077
0.0328558 1.87486e-05 0.0078
0.0333218 1.92945e-05 0.0079
0.0337869 1.98482e-05 0.008
0.0342511 2.04097e-05 0.0081
0.0347143 2.09787e-05 0.0082
0.0351767 2.15555e-05 0.0083
0.0356381 2.21399e-05 0.0084
0.0360985 2.2732e-05 0.0085
0.0365579 2.33317e-05 0.0086
0.0370164 2.3939e-05 0.0087
0.0374739 2.45539e-05 0.0088
0.0379303 2.51763e-05 0.0089
0.0383858 2.58063e-05 0.009
0.0388402 2.64439e-05 0.0091
0.0392935 2.70889e-05 0.0092
0.0397458 2.77415e-05 0.0093
0.040197 2.84016e-05 0.0094
0.0406472 2.90691e-05 0.0095
0.0410962 2.9744e-05 0.0096
0.0415442 3.04264e-05 0.0097
0.041991 3.11162e-05 0.0098
0.0424367 3.18134e-05 0.0099
0.0428812 3.2518e-05 0.01
0.0433246 3.32299e-05 0.0101
0.0437669 3.39491e-05 0.0102
0.0442079 3.46757e-05 0.0103
0.0446478 3.54095e-05 0.0104
0.0450865 3.61506e-05 0.0105
0.045524 3.6899e-05 0.0106
0.0459603 3.76545e-05 0.0107
0.0463953 3.84173e-05 0.0108
0.0468291 3.91873e-05 0.0109
0.0472616 3.99645e-05 0.011
0.0476929 4.07487e-05 0.0111
0.0481229 4.15401e-05 0.0112
0.0485516 4.23386e-05 0.0113
0.048979 4.31442e-05 0.0114
0.0494052 4.39569e-05 0.0115
0.04983 4.47765e-05 0.0116
0.0502534 4.56032e-05 0.0117
0.0506756 4.64369e-05 0.0118
0.0510964 4.72775e-05 0.0119
0.0515158 4.81251e-05 0.012
0.0519339 4.89796e-05 0.0121
0.0523505 4.9841e-05 0.0122
0.0527658 5.07093e-05 0.0123
0.0531797 5.15844e-05 0.0124
0.0535922 5.24663e-05 0.0125
0.0540033 5.33551e-05 0.0126
0.0544129 5.42506e-05 0.0127
0.0548211 5.51529e-05 0.0128
0.0552278 5.60619e-05 0.0129
0.0556331 5.69776e-05 0.013
0.0560369 5.79e-05 0.0131
0.0564392 5.8829e-05 0.0132
0.0568401 5.97646e-05 0.0133
0.0572394 6.07069e-05 0.0134
0.0576372 6.16557e-05 0.0135
0.0580335 6.26111e-05 0.0136
0.0584283 6.3573e-05 0.0137
0.0588215 6.45414e-05 0.0138
0.0592132 6.55163e-05 0.0139
0.0596033 6.64977e-05 0.014
0.0599918 6.74854e-05 0.0141
0.0603788 6.84795e-05 0.0142
0.0607641 6.948e-05 0.0143
0.0611479 7.04869e-05 0.0144
0.0615301 7.15001e-05 0.0145
0.0619106 7.25195e-05 0.0146
0.0622895 7.35452e-05 0.0147
0.0626668 7.45771e-05 0.0148
0.0630424 7.56152e-05 0.0149
0.0634164 7.66595e-05 0.015
0.0637887 7.771e-05 0.0151
0.0641593 7.87665e-05 0.0152
0.0645282 7.98292e-05 0.0153
0.0648955 8.08979e-05 0.0154
0.065261 8.19727e-05 0.0155
0.0656248 8.30534e-05 0.0156
0.0659869 8.41401e-05 0.0157
0.0663473 8.52328e-05 0.0158
0.066706 8.63314e-05 0.0159
0.0670629 8.74358e-05 0.016
0.067418 8.85461e-05 0.0161
0.0677714 8.96623e-05 0.0162
0.068123 9.07842e-05 0.0163
0.0684728 9.19119e-05 0.0164
0.0688208 9.30454e-05 0.0165
0.069167 9.41845e-05 0.0166
0.0695114 9.53293e-05 0.0167
0.069854 9.64798e-05 0.0168
0.0701948 9.76359e-05 0.0169
0.0705337 9.87975e-05 0.017
0.0708708 9.99647e-05 0.0171
0.071206 0.000101137 0.0172
0.0715394 0.000102316 0.0173
0.0718709 0.000103499 0.0174
0.0722005 0.000104688 0.0175
0.0725282 0.000105883 0.0176
0.0728541 0.000107083 0.0177
0.073178 0.000108288 0.0178
0.0735 0.000109498 0.0179
0.0738202 0.000110714 0.018
0.0741383 0.000111935 0.0181
0.0744546 0.000113161 0.0182
0.0747689 0.000114393 0.0183
0.0750813 0.000115629 0.0184
0.0753917 0.000116871 0.0185
0.0757001 0.000118118 0.0186
0.0760066 0.000119369 0.0187
0.0763111 0.000120626 0.0188
0.0766136 0.000121888 0.0189
0.0769141 0.000123154 0.019
0.0772126 0.000124426 0.0191
0.0775091 0.000125702 0.0192
0.0778036 0.000126983 0.0193
0.078096 0.000128269 0.0194
0.0783865 0.00012956 0.0195
0.0786748 0.000130856 0.0196
0.0789612 0.000132156 0.0197
0.0792455 0.000133461 0.0198
0.0795277 0.00013477 0.0199
0.0798078 0.000136084 0.02
0.0800859 0.000137403 0.0201
0.0803619 0.000138726 0.0202
0.0806358 0.000140054 0.0203
0.0809076 0.000141386 0.0204
0.0811773 0.000142722 0.0205
0.0814449 0.000144063 0.0206
0.0817104 0.000145409 0.0207
0.0819737 0.000146758 0.0208
0.082235 0.000148112 0.0209
0.0824941 0.00014947 0.021
0.082751 0.000150833 0.0211
0.0830058 0.000152199 0.0212
0.0832585 0.00015357 0.0213
0.083509 0.000154944 0.0214
0.0837573 0.000156323 0.0215
0.0840034 0.000157706 0.0216
0.0842474 0.000159093 0.0217
0.0844892 0.000160483 0.0218
0.0847288 0.000161878 0.0219
0.0849662 0.000163277 0.022
0.0852014 0.000164679 0.0221
0.0854343 0.000166085 0.0222
0.0856651 0.000167495 0.0223
0.0858936 0.000168909 0.0224
0.08612 0.000170326 0.0225
0.0863441 0.000171747 0.0226
0.0865659 0.000173172 0.0227
0.0867855 0.0001746 0.0228
0.0870029 0.000176032 0.0229
0.087218 0.000177467 0.023
0.0874308 0.000178905 0.0231
0.0876414 0.000180348 0.0232
0.0878497 0.000181793 0.0233
0.0880557 0.000183242 0.0234
0.0882595 0.000184694 0.0235
0.0884609 0.00018615 0.0236
0.0886601 0.000187608 0.0237
0.088857 0.00018907 0.0238
0.0890516 0.000190535 0.0239
0.0892438 0.000192003 0.024
0.0894338 0.000193475 0.0241
0.0896214 0.000194949 0.0242
0.0898068 0.000196426 0.0243
0.0899898 0.000197906 0.0244
0.0901704 0.00019939 0.0245
0.0903488 0.000200876 0.0246
0.0905248 0.000202365 0.0247
0.0906985 0.000203856 0.0248
0.0908698 0.000205351 0.0249
0.0910387 0.000206848 0.025
0.0912053 0.000208348 0.0251
0.0913696 0.000209851 0.0252
0.0915315 0.000211356 0.0253
0.091691 0.000212864 0.0254
0.0918482 0.000214374 0.0255
0.0920029 0.000215887 0.0256
0.0921553 0.000217402 0.0257
0.0923053 0.00021892 0.0258
0.092453 0.00022044 0.0259
0.0925982 0.000221962 0.026
0.0927411 0.000223487 0.0261
0.0928815 0.000225014 0.0262
0.0930196 0.000226543 0.0263
0.0931552 0.000228074 0.0264
0.0932884 0.000229607 0.0265
0.0934193 0.000231143 0.0266
0.0935477 0.00023268 0.0267
0.0936737 0.00023422 0.0268
0.0937972 0.000235762 0.0269
0.0939184 0.000237305 0.027
0.0940371 0.00023885 0.0271
0.0941534 0.000240398 0.0272
0.0942673 0.000241947 0.0273
0.0943787 0.000243497 0.0274
0.0944877 0.00024505 0.0275
0.0945942 0.000246604 0.0276
0.0946983 0.00024816 0.0277
0.0948 0.000249718 0.0278
0.0948992 0.000251277 0.0279
0.094996 0.000252837 0.028
0.0950903 0.000254399 0.0281
0.0951821 0.000255963 0.0282
0.0952715 0.000257528 0.0283
0.0953585 0.000259094 0.0284
0.0954429 0.000260661 0.0285
0.0955249 0.00026223 0.0286
0.0956045 0.0002638 0.0287
0.0956816 0.000265372 0.0288
0.0957562 0.000266944 0.0289
0.0958283 0.000268517 0.029
0.0958979 0.000270092 0.0291
0.0959651 0.000271668 0.0292
0.0960298 0.000273244 0.0293
0.0960921 0.000274822 0.0294
0.0961518 0.0002764 0.0295
0.0962091 0.00027798 0.0296
0.0962639 0.00027956 0.0297
0.0963162 0.000281141 0.0298
0.096366 0.000282722 0.0299
0.0964133 0.000284305 0.03
0.0964581 0.000285888 0.0301
0.0965005 0.000287472 0.0302
0.0965403 0.000289056 0.0303
0.0965777 0.000290641 0.0304
0.0966126 0.000292226 0.0305
0.096645 0.000293811 0.0306
0.0966748 0.000295398 0.0307
0.0967022 0.000296984 0.0308
0.0967271 0.000298571 0.0309
0.0967495 0.000300158 0.031
0.0967694 0.000301745 0.0311
0.0967868 0.000303333 0.0312
0.0968017 0.00030492 0.0313
0.0968142 0.000306508 0.0314
0.0968241 0.000308096 0.0315
0.0968315 0.000309684 0.0316
0.0968364 0.000311272 0.0317
0.0968388 0.00031286 0.0318
0.0968388 0.000314447 0.0319
0.0968362 0.000316035 0.032
0.0968311 0.000317623 0.0321
0.0968235 0.00031921 0.0322
0.0968135 0.000320797 0.0323
0.0968009 0.000322383 0.0324
0.0967858 0.00032397 0.0325
0.0967683 0.000325556 0.0326
0.0967482 0.000327141 0.0327
0.0967256 0.000328726 0.0328
0.0967006 0.000330311 0.0329
0.096673 0.000331895 0.033
0.096643 0.000333478 0.0331
0.0966105 0.000335061 0.0332
0.0965754 0.000336643 0.0333
0.0965379 0.000338224 0.0334
0.0964979 0.000339805 0.0335
0.0964554 0.000341385 0.0336
0.0964104 0.000342964 0.0337
0.096363 0.000344542 0.0338
0.096313 0.000346119 0.0339
0.0962606 0.000347695 0.034
0.0962056 0.000349271 0.0341
0.0961482 0.000350845 0.0342
0.0960883 0.000352418 0.0343
0.096026 0.00035399 0.0344
0.0959611 0.00035556 0.0345
0.0958938 0.00035713 0.0346
0.095824 0.000358698 0.0347
0.0957517 0.000360265 0.0348
0.095677 0.000361831 0.0349
0.0955998 0.000363395 0.035
0.0955201 0.000364958 0.0351
0.0954379 0.00036652 0.0352
0.0953533 0.00036808 0.0353
0.0952663 0.000369638 0.0354
0.0951767 0.000371195 0.0355
0.0950848 0.00037275 0.0356
0.0949903 0.000374304 0.0357
0.0948934 0.000375855 0.0358
0.0947941 0.000377405 0.0359
0.0946923 0.000378954 0.036
0.0945881 0.0003805 0.0361
0.0944814 0.000382045 0.0362
0.0943723 0.000383587 0.0363
0.0942608 0.000385128 0.0364
0.0941468 0.000386667 0.0365
0.0940304 0.000388204 0.0366
0.0939116 0.000389738 0.0367
0.0937903 0.000391271 0.0368
0.0936667 0.000392801 0.0369
0.0935406 0.00039433 0.037
0.093412 0.000395856 0.0371
0.0932811 0.000397379 0.0372
0.0931478 0.000398901 0.0373
0.0930121 0.00040042 0.0374
0.0928739 0.000401936 0.0375
0.0927334 0.000403451 0.0376
0.0925905 0.000404963 0.0377
0.0924451 0.000406472 0.0378
0.0922974 0.000407979 0.0379
0.0921473 0.000409483 0.038
0.0919949 0.000410984 0.0381
0.09184 0.000412483 0.0382
0.0916828 0.000413979 0.0383
0.0915232 0.000415473 0.0384
0.0913612 0.000416963 0.0385
0.0911969 0.000418451 0.0386
0.0910303 0.000419936 0.0387
0.0908612 0.000421418 0.0388
0.0906899 0.000422897 0.0389
0.0905162 0.000424373 0.039
0.0903401 0.000425846 0.0391
0.0901617 0.000427316 0.0392
0.089981 0.000428783 0.0393
0.089798 0.000430247 0.0394
0.0896126 0.000431708 0.0395
0.0894249 0.000433165 0.0396
0.0892349 0.000434619 0.0397
0.0890426 0.00043607 0.0398
0.088848 0.000437518 0.0399
0.0886511 0.000438962 0.04
0.0884519 0.000440403 0.0401
0.0882505 0.00044184 0.0402
0.0880467 0.000443274 0.0403
0.0878407 0.000444704 0.0404
0.0876324 0.000446131 0.0405
0.0874218 0.000447554 0.0406
0.087209 0.000448974 0.0407
0.0869939 0.00045039 0.0408
0.0867765 0.000451802 0.0409
0.0865569 0.00045321 0.041
0.0863351 0.000454615 0.0411
0.0861111 0.000456016 0.0412
0.0858848 0.000457413 0.0413
0.0856562 0.000458806 0.0414
0.0854255 0.000460195 0.0415
0.0851926 0.000461581 0.0416
0.0849574 0.000462962 0.0417
0.0847201 0.000464339 0.0418
0.0844806 0.000465712 0.0419
0.0842388 0.000467081 0.042
0.0839949 0.000468446 0.0421
0.0837488 0.000469807 0.0422
0.0835006 0.000471164 0.0423
0.0832502 0.000472516 0.0424
0.0829976 0.000473864 0.0425
0.0827429 0.000475208 0.0426
0.082486 0.000476547 0.0427
0.082227 0.000477882 0.0428
0.0819659 0.000479212 0.0429
0.0817026 0.000480538 0.043
0.0814372 0.00048186 0.0431
0.0811697 0.000483177 0.0432
0.0809001 0.000484489 0.0433
0.0806285 0.000485797 0.0434
0.0803547 0.0004871 0.0435
0.0800788 0.000488399 0.0436
0.0798009 0.000489693 0.0437
0.0795209 0.000490982 0.0438
0.0792388 0.000492266 0.0439
0.0789546 0.000493546 0.044
0.0786685 0.00049482 0.0441
0.0783802 0.00049609 0.0442
0.07809 0.000497355 0.0443
0.0777977 0.000498615 0.0444
0.0775034 0.00049987 0.0445
0.0772071 0.00050112 0.0446
0.0769087 0.000502365 0.0447
0.0766084 0.000503604 0.0448
0.0763061 0.000504839 0.0449
0.0760018 0.000506069 0.045
0.0756956 0.000507293 0.0451
0.0753873 0.000508512 0.0452
0.0750771 0.000509726 0.0453
0.074765 0.000510935 0.0454
0.0744509 0.000512138 0.0455
0.0741349 0.000513336 0.0456
0.0738169 0.000514529 0.0457
0.073497 0.000515716 0.0458
0.0731752 0.000516898 0.0459
0.0728515 0.000518075 0.046
0.0725259 0.000519245 0.0461
0.0721985 0.000520411 0.0462
0.0718691 0.000521571 0.0463
0.0715379 0.000522725 0.0464
0.0712048 0.000523873 0.0465
0.0708699 0.000525016 0.0466
0.0705331 0.000526154 0.0467
0.0701944 0.000527285 0.0468
0.069854 0.000528411 0.0469
0.0695117 0.000529531 0.047
0.0691676 0.000530646 0.0471
0.0688217 0.000531754 0.0472
0.068474 0.000532857 0.0473
0.0681245 0.000533953 0.0474
0.0677733 0.000535044 0.0475
0.0674202 0.000536129 0.0476
0.0670655 0.000537208 0.0477
0.0667089 0.000538281 0.0478
0.0663506 0.000539348 0.0479
0.0659906 0.000540408 0.048
0.0656289 0.000541463 0.0481
0.0652655 0.000542512 0.0482
0.0649003 0.000543554 0.0483
0.0645334 0.00054459 0.0484
0.0641649 0.00054562 0.0485
0.0637947 0.000546644 0.0486
0.0634228 0.000547662 0.0487
0.0630492 0.000548673 0.0488
0.062674 0.000549678 0.0489
0.0622972 0.000550677 0.049
0.0619187 0.000551669 0.0491
0.0615386 0.000552655 0.0492
0.0611569 0.000553635 0.0493
0.0607736 0.000554608 0.0494
0.0603887 0.000555574 0.0495
0.0600022 0.000556534 0.0496
0.0596142 0.000557488 0.0497
0.0592245 0.000558435 0.0498
0.0588334 0.000559375 0.0499
0.0584406 0.000560309 0.05
0.0580464 0.000561236 0.0501
0.0576506 0.000562157 0.0502
0.0572533 0.000563071 0.0503
0.0568545 0.000563978 0.0504
0.0564542 0.000564878 0.0505
0.0560524 0.000565772 0.0506
0.0556491 0.000566659 0.0507
0.0552444 0.000567539 0.0508
0.0548382 0.000568413 0.0509
0.0544306 0.000569279 0.051
0.0540215 0.000570139 0.0511
0.0536111 0.000570992 0.0512
0.0531992 0.000571837 0.0513
0.0527859 0.000572676 0.0514
0.0523712 0.000573508 0.0515
0.0519551 0.000574333 0.0516
0.0515376 0.000575151 0.0517
0.0511188 0.000575962 0.0518
0.0506987 0.000576766 0.0519
0.0502771 0.000577563 0.052
0.0498543 0.000578353 0.0521
0.0494301 0.000579135 0.0522
0.0490047 0.000579911 0.0523
0.0485779 0.000580679 0.0524
0.0481499 0.00058144 0.0525
0.0477205 0.000582194 0.0526
0.0472899 0.000582941 0.0527
0.0468581 0.000583681 0.0528
0.046425 0.000584413 0.0529
0.0459906 0.000585138 0.053
0.0455551 0.000585855 0.0531
0.0451183 0.000586566 0.0532
0.0446804 0.000587269 0.0533
0.0442412 0.000587964 0.0534
0.0438009 0.000588653 0.0535
0.0433593 0.000589334 0.0536
0.0429167 0.000590007 0.0537
0.0424729 0.000590673 0.0538
0.0420279 0.000591332 0.0539
0.0415819 0.000591983 0.054
0.0411347 0.000592627 0.0541
0.0406864 0.000593263 0.0542
0.040237 0.000593891 0.0543
0.0397866 0.000594512 0.0544
0.039335 0.000595126 0.0545
0.0388824 0.000595732 0.0546
0.0384288 0.00059633 0.0547
0.0379742 0.000596921 0.0548
0.0375185 0.000597504 0.0549
0.0370618 0.000598079 0.055
0.0366041 0.000598647 0.0551
0.0361454 0.000599207 0.0552
0.0356858 0.00059976 0.0553
0.0352251 0.000600304 0.0554
0.0347636 0.000600841 0.0555
0.0343011 0.000601371 0.0556
0.0338376 0.000601892 0.0557
0.0333732 0.000602406 0.0558
0.032908 0.000602912 0.0559
0.0324418 0.00060341 0.056
0.0319747 0.0006039 0.0561
0.0315068 0.000604383 0.0562
0.031038 0.000604858 0.0563
0.0305684 0.000605325 0.0564
0.0300979 0.000605784 0.0565
0.0296266 0.000606235 0.0566
0.0291545 0.000606678 0.0567
0.0286816 0.000607113 0.0568
0.0282079 0.000607541 0.0569
0.0277334 0.00060796 0.057
0.0272582 0.000608371 0.0571
0.0267822 0.000608775 0.0572
0.0263054 0.000609171 0.0573
0.0258279 0.000609558 0.0574
0.0253498 0.000609938 0.0575
0.0248709 0.00061031 0.0576
0.0243913 0.000610673 0.0577
0.023911 0.000611029 0.0578
0.02343 0.000611376 0.0579
0.0229484 0.000611716 0.058
0.0224662 0.000612047 0.0581
0.0219833 0.000612371 0.0582
0.0214998 0.000612686 0.0583
0.0210157 0.000612993 0.0584
0.020531 0.000613292 0.0585
0.0200457 0.000613583 0.0586
0.0195598 0.000613866 0.0587
0.0190734 0.000614141 0.0588
0.0185864 0.000614408 0.0589
0.0180989 0.000614666 0.059
0.0176108 0.000614917 0.0591
0.0171222 0.000615159 0.0592
0.0166332 0.000615393 0.0593
0.0161436 0.000615619 0.0594
0.0156536 0.000615837 0.0595
0.0151631 0.000616046 0.0596
0.0146722 0.000616248 0.0597
0.0141808 0.000616441 0.0598
0.013689 0.000616626 0.0599
0.0131968 0.000616803 0.06
0.0127042 0.000616971 0.0601
0.0122112 0.000617131 0.0602
0.0117178 0.000617283 0.0603
0.011224 0.000617427 0.0604
0.0107299 0.000617563 0.0605
0.0102355 0.00061769 0.0606
0.00974069 0.000617809 0.0607
0.0092456 0.00061792 0.0608
0.00875021 0.000618023 0.0609
0.00825453 0.000618117 0.061
0.00775857 0.000618203 0.0611
0.00726234 0.000618281 0.0612
0.00676586 0.00061835 0.0613
0.00626913 0.000618412 0.0614
0.00577218 0.000618465 0.0615
0.00527501 0.000618509 0.0616
0.00477764 0.000618546 0.0617
0.00428008 0.000618574 0.0618
0.00378234 0.000618593 0.0619
0.00328443 0.000618605 0.062
0.00278637 0.000618608 0.0621
0.00228817 0.000618603 0.0622
0.00178983 0.00061859 0.0623
0.00129138 0.000618568 0.0624
0.000792831 0.000618538 0.0625
0.000294186 0.0006185 0.0626
-0.000204538 0.000618453 0.0627
-0.000703328 0.000618398 0.0628
-0.00120217 0.000618335 0.0629
-0.00170106 0.000618263 0.063
-0.00219997 0.000618183 0.0631
-0.00269891 0.000618095 0.0632
-0.00319784 0.000617999 0.0633
-0.00369677 0.000617894 0.0634
-0.00419568 0.000617781 0.0635
-0.00469455 0.000617659 0.0636
-0.00519338 0.00061753 0.0637
-0.00569215 0.000617392 0.0638
-0.00619084 0.000617245 0.0639
-0.00668946 0.000617091 0.064
-0.00718798 0.000616928 0.0641
-0.00768639 0.000616757 0.0642
-0.00818468 0.000616577 0.0643
-0.00868284 0.000616389 0.0644
-0.00918085 0.000616193 0.0645
-0.0096787 0.000615989 0.0646
-0.0101764 0.000615776 0.0647
-0.0106739 0.000615555 0.0648
-0.0111712 0.000615326 0.0649
-0.0116683 0.000615089 0.065
-0.0121652 0.000614843 0.0651
-0.0126618 0.000614589 0.0652
-0.0131582 0.000614327 0.0653
-0.0136543 0.000614056 0.0654
-0.0141502 0.000613778 0.0655
-0.0146458 0.000613491 0.0656
-0.0151411 0.000613196 0.0657
-0.0156361 0.000612892 0.0658
-0.0161307 0.00061258 0.0659
-0.0166251 0.000612261 0.066
-0.0171191 0.000611933 0.0661
-0.0176127 0.000611596 0.0662
-0.018106 0.000611252 0.0663
-0.0185988 0.000610899 0.0664
-0.0190913 0.000610538 0.0665
-0.0195834 0.000610169 0.0666
-0.0200751 0.000609792 0.0667
-0.0205663 0.000609407 0.0668
-0.0210571 0.000609013 0.0669
-0.0215474 0.000608611 0.067
-0.0220373 0.000608202 0.0671
-0.0225267 0.000607784 0.0672
-0.0230156 0.000607358 0.0673
-0.023504 0.000606923 0.0674
-0.0239918 0.000606481 0.0675
-0.0244792 0.000606031 0.0676
-0.024966 0.000605572 0.0677
-0.0254522 0.000605106 0.0678
-0.0259379 0.000604631 0.0679
-0.026423 0.000604149 0.068
-0.0269075 0.000603658 0.0681
-0.0273914 0.000603159 0.0682
-0.0278747 0.000602653 0.0683
-0.0283574 0.000602138 0.0684
-0.0288394 0.000601615 0.0685
-0.0293208 0.000601084 0.0686
-0.0298016 0.000600546 0.0687
-0.0302816 0.000599999 0.0688
-0.030761 0.000599444 0.0689
-0.0312396 0.000598882 0.069
-0.0317176 0.000598311 0.0691
-0.0321948 0.000597733 0.0692
-0.0326713 0.000597146 0.0693
-0.0331471 0.000596552 0.0694
-0.0336221 0.00059595 0.0695
-0.0340963 0.00059534 0.0696
-0.0345697 0.000594722 0.0697
-0.0350424 0.000594097 0.0698
-0.0355142 0.000593463 0.0699
-0.0359852 0.000592822 0.07
-0.0364554 0.000592173 0.0701
-0.0369248 0.000591516 0.0702
-0.0373933 0.000590851 0.0703
-0.0378609 0.000590179 0.0704
-0.0383277 0.000589499 0.0705
-0.0387935 0.000588811 0.0706
-0.0392585 0.000588115 0.0707
-0.0397226 0.000587412 0.0708
-0.0401857 0.000586701 0.0709
-0.0406479 0.000585982 0.071
-0.0411092 0.000585256 0.0711
-0.0415695 0.000584522 0.0712
-0.0420288 0.000583781 0.0713
-0.0424871 0.000583032 0.0714
-0.0429445 0.000582275 0.0715
-0.0434009 0.000581511 0.0716
-0.0438562 0.000580739 0.0717
-0.0443105 0.00057996 0.0718
-0.0447638 0.000579173 0.0719
-0.045216 0.000578379 0.072
-0.0456672 0.000577577 0.0721
-0.0461173 0.000576768 0.0722
-0.0465663 0.000575952 0.0723
-0.0470142 0.000575128 0.0724
-0.047461 0.000574296 0.0725
-0.0479067 0.000573457 0.0726
-0.0483513 0.000572611 0.0727
-0.0487947 0.000571758 0.0728
-0.049237 0.000570897 0.0729
-0.0496781 0.000570029 0.073
-0.0501181 0.000569153 0.0731
-0.0505568 0.000568271 0.0732
-0.0509944 0.000567381 0.0733
-0.0514308 0.000566484 0.0734
-0.0518659 0.000565579 0.0735
-0.0522998 0.000564668 0.0736
-0.0527325 0.000563749 0.0737
-0.053164 0.000562824 0.0738
-0.0535941 0.000561891 0.0739
-0.054023 0.000560951 0.074
-0.0544507 0.000560004 0.0741
-0.054877 0.00055905 0.0742
-0.055302 0.000558089 0.0743
-0.0557257 0.00055712 0.0744
-0.0561481 0.000556145 0.0745
-0.0565692 0.000555163 0.0746
-0.0569889 0.000554174 0.0747
-0.0574073 0.000553178 0.0748
-0.0578243 0.000552176 0.0749
-0.0582399 0.000551166 0.075
-0.0586541 0.000550149 0.0751
-0.059067 0.000549126 0.0752
-0.0594784 0.000548096 0.0753
-0.0598884 0.000547059 0.0754
-0.060297 0.000546015 0.0755
-0.0607041 0.000544965 0.0756
-0.0611098 0.000543908 0.0757
-0.0615141 0.000542844 0.0758
-0.0619168 0.000541774 0.0759
-0.0623181 0.000540697 0.076
-0.0627179 0.000539613 0.0761
-0.0631162 0.000538523 0.0762
-0.063513 0.000537427 0.0763
-0.0639083 0.000536323 0.0764
-0.0643021 0.000535214 0.0765
-0.0646943 0.000534097 0.0766
-0.0650849 0.000532975 0.0767
-0.065474 0.000531846 0.0768
-0.0658616 0.00053071 0.0769
-0.0662475 0.000529568 0.077
-0.0666319 0.00052842 0.0771
-0.0670147 0.000527266 0.0772
-0.0673959 0.000526105 0.0773
-0.0677754 0.000524938 0.0774
-0.0681533 0.000523765 0.0775
-0.0685296 0.000522586 0.0776
-0.0689043 0.0005214 0.0777
-0.0692773 0.000520208 0.0778
-0.0696486 0.00051901 0.0779
-0.0700183 0.000517806 0.078
-0.0703863 0.000516596 0.0781
-0.0707526 0.00051538 0.0782
-0.0711172 0.000514158 0.0783
-0.07148 0.00051293 0.0784
-0.0718412 0.000511696 0.0785
-0.0722006 0.000510456 0.0786
-0.0725583 0.000509211 0.0787
-0.0729143 0.000507959 0.0788
-0.0732685 0.000506702 0.0789
-0.0736209 0.000505438 0.079
-0.0739716 0.000504169 0.0791
-0.0743205 0.000502895 0.0792
-0.0746676 0.000501614 0.0793
-0.0750129 0.000500328 0.0794
-0.0753564 0.000499036 0.0795
-0.075698 0.000497739 0.0796
-0.0760379 0.000496436 0.0797
-0.0763759 0.000495127 0.0798
-0.0767121 0.000493813 0.0799
-0.0770464 0.000492494 0.08
-0.0773789 0.000491169 0.0801
-0.0777095 0.000489838 0.0802
-0.0780382 0.000488502 0.0803
-0.0783651 0.000487161 0.0804
-0.0786901 0.000485815 0.0805
-0.0790131 0.000484463 0.0806
-0.0793343 0.000483106 0.0807
-0.0796535 0.000481743 0.0808
-0.0799708 0.000480376 0.0809
-0.0802862 0.000479003 0.081
-0.0805997 0.000477625 0.0811
-0.0809112 0.000476242 0.0812
-0.0812207 0.000474854 0.0813
-0.0815283 0.000473461 0.0814
-0.0818339 0.000472063 0.0815
-0.0821376 0.00047066 0.0816
-0.0824392 0.000469252 0.0817
-0.0827389 0.000467839 0.0818
-0.0830365 0.000466421 0.0819
-0.0833322 0.000464998 0.082
-0.0836258 0.000463571 0.0821
-0.0839175 0.000462138 0.0822
-0.084207 0.000460701 0.0823
-0.0844946 0.00045926 0.0824
-0.0847801 0.000457813 0.0825
-0.0850636 0.000456362 0.0826
-0.0853449 0.000454907 0.0827
-0.0856243 0.000453447 0.0828
-0.0859015 0.000451982 0.0829
-0.0861767 0.000450513 0.083
-0.0864498 0.000449039 0.0831
-0.0867208 0.000447561 0.0832
-0.0869897 0.000446078 0.0833
-0.0872565 0.000444592 0.0834
-0.0875212 0.0004431 0.0835
-0.0877837 0.000441605 0.0836
-0.0880442 0.000440105 0.0837
-0.0883025 0.000438601 0.0838
-0.0885586 0.000437093 0.0839
-0.0888126 0.000435581 0.084
-0.0890645 0.000434065 0.0841
-0.0893142 0.000432544 0.0842
-0.0895618 0.00043102 0.0843
-0.0898071 0.000429491 0.0844
-0.0900503 0.000427959 0.0845
-0.0902913 0.000426422 0.0846
-0.0905301 0.000424882 0.0847
-0.0907668 0.000423338 0.0848
-0.0910012 0.00042179 0.0849
-0.0912334 0.000420238 0.085
-0.0914634 0.000418683 0.0851
-0.0916912 0.000417124 0.0852
-0.0919167 0.000415561 0.0853
-0.0921401 0.000413995 0.0854
-0.0923612 0.000412425 0.0855
-0.09258 0.000410851 0.0856
-0.0927966 0.000409274 0.0857
-0.093011 0.000407693 0.0858
-0.0932231 0.000406109 0.0859
-0.0934329 0.000404522 0.086
-0.0936404 0.000402931 0.0861
-0.0938457 0.000401337 0.0862
-0.0940487 0.00039974 0.0863
-0.0942495 0.000398139 0.0864
-0.0944479 0.000396535 0.0865
-0.0946441 0.000394928 0.0866
-0.0948379 0.000393318 0.0867
-0.0950294 0.000391705 0.0868
-0.0952187 0.000390089 0.0869
-0.0954056 0.000388469 0.087
-0.0955902 0.000386847 0.0871
-0.0957725 0.000385222 0.0872
-0.0959524 0.000383594 0.0873
-0.0961301 0.000381963 0.0874
-0.0963054 0.000380329 0.0875
-0.0964783 0.000378692 0.0876
-0.0966489 0.000377053 0.0877
-0.0968172 0.000375411 0.0878
-0.0969831 0.000373766 0.0879
-0.0971466 0.000372119 0.088
-0.0973078 0.000370469 0.0881
-0.0974666 0.000368816 0.0882
-0.0976231 0.000367161 0.0883
-0.0977771 0.000365504 0.0884
-0.0979288 0.000363844 0.0885
-0.0980781 0.000362181 0.0886
-0.0982251 0.000360517 0.0887
-0.0983696 0.00035885 0.0888
-0.0985118 0.000357181 0.0889
-0.0986515 0.000355509 0.089
-0.0987889 0.000353835 0.0891
-0.0989238 0.00035216 0.0892
-0.0990564 0.000350482 0.0893
-0.0991865 0.000348802 0.0894
-0.0993142 0.00034712 0.0895
-0.0994396 0.000345436 0.0896
-0.0995624 0.00034375 0.0897
-0.0996829 0.000342062 0.0898
-0.099801 0.000340372 0.0899
-0.0999166 0.000338681 0.09
-0.10003 0.000336987 0.0901
-0.100141 0.000335292 0.0902
-0.100249 0.000333596 0.0903
-0.100355 0.000331897 0.0904
-0.100458 0.000330197 0.0905
-0.100559 0.000328495 0.0906
-0.100658 0.000326792 0.0907
-0.100754 0.000325087 0.0908
-0.100847 0.000323381 0.0909
-0.100939 0.000321674 0.091
-0.101027 0.000319965 0.0911
-0.101114 0.000318255 0.0912
-0.101197 0.000316543 0.0913
-0.101279 0.00031483 0.0914
-0.101358 0.000313116 0.0915
-0.101434 0.000311401 0.0916
-0.101508 0.000309684 0.0917
-0.101579 0.000307967 0.0918
-0.101648 0.000306249 0.0919
-0.101715 0.000304529 0.092
-0.101779 0.000302809 0.0921
-0.101841 0.000301087 0.0922
-0.1019 0.000299365 0.0923
-0.101956 0.000297642 0.0924
-0.10201 0.000295918 0.0925
-0.102062 0.000294193 0.0926
-0.102111 0.000292468 0.0927
-0.102158 0.000290742 0.0928
-0.102202 0.000289015 0.0929
-0.102244 0.000287288 0.093
-0.102283 0.00028556 0.0931
-0.10232 0.000283832 0.0932
-0.102354 0.000282103 0.0933
-0.102386 0.000280374 0.0934
-0.102415 0.000278644 0.0935
-0.102442 0.000276914 0.0936
-0.102466 0.000275184 0.0937
-0.102488 0.000273453 0.0938
-0.102507 0.000271723 0.0939
-0.102524 0.000269992 0.094
-0.102538 0.000268261 0.0941
-0.10255 0.000266529 0.0942
-0.102559 0.000264798 0.0943
-0.102566 0.000263067 0.0944
-0.10257 0.000261336 0.0945
-0.102572 0.000259605 0.0946
-0.102571 0.000257874 0.0947
-0.102568 0.000256143 0.0948
-0.102562 0.000254412 0.0949
-0.102554 0.000252682 0.095
-0.102543 0.000250952 0.0951
-0.10253 0.000249222 0.0952
-0.102514 0.000247493 0.0953
-0.102496 0.000245763 0.0954
-0.102475 0.000244035 0.0955
-0.102452 0.000242307 0.0956
-0.102427 0.000240579 0.0957
-0.102398 0.000238852 0.0958
-0.102368 0.000237126 0.0959
-0.102335 0.0002354 0.096
-0.102299 0.000233675 0.0961
-0.102261 0.000231951 0.0962
-0.10222 0.000230227 0.0963
-0.102177 0.000228505 0.0964
-0.102131 0.000226783 0.0965
-0.102083 0.000225062 0.0966
-0.102033 0.000223342 0.0967
-0.10198 0.000221623 0.0968
-0.101924 0.000219905 0.0969
-0.101866 0.000218188 0.097
-0.101805 0.000216472 0.0971
-0.101742 0.000214758 0.0972
-0.101677 0.000213044 0.0973
-0.101609 0.000211332 0.0974
-0.101539 0.000209621 0.0975
-0.101466 0.000207912 0.0976
-0.10139 0.000206203 0.0977
-0.101312 0.000204496 0.0978
-0.101232 0.000202791 0.0979
-0.101149 0.000201087 0.098
-0.101064 0.000199385 0.0981
-0.100976 0.000197684 0.0982
-0.100886 0.000195985 0.0983
-0.100794 0.000194287 0.0984
-0.100698 0.000192591 0.0985
-0.100601 0.000190897 0.0986
-0.100501 0.000189205 0.0987
-0.100399 0.000187514 0.0988
-0.100294 0.000185825 0.0989
-0.100186 0.000184138 0.099
-0.100077 0.000182453 0.0991
-0.0999644 0.00018077 0.0992
-0.0998498 0.000179089 0.0993
-0.0997328 0.00017741 0.0994
-0.0996133 0.000175734 0.0995
-0.0994914 0.000174059 0.0996
-0.0993671 0.000172386 0.0997
-0.0992403 0.000170716 0.0998
-0.0991112 0.000169048 0.0999
-0.0989796 0.000167382 0.1
-0.0988456 0.000165719 0.1001
-0.0987092 0.000164058 0.1002
-0.0985704 0.000162399 0.1003
-0.0984293 0.000160743 0.1004
-0.0982857 0.000159089 0.1005
-0.0981397 0.000157438 0.1006
-0.0979913 0.000155789 0.1007
-0.0978406 0.000154143 0.1008
-0.0976875 0.0001525 0.1009
-0.097532 0.000150859 0.101
-0.0973741 0.000149221 0.1011
-0.0972138 0.000147586 0.1012
-0.0970512 0.000145954 0.1013
-0.0968862 0.000144324 0.1014
-0.0967189 0.000142698 0.1015
-0.0965492 0.000141074 0.1016
-0.0963772 0.000139453 0.1017
-0.0962028 0.000137835 0.1018
-0.0960261 0.000136221 0.1019
-0.095847 0.000134609 0.102
-0.0956657 0.000133001 0.1021
-0.095482 0.000131395 0.1022
-0.0952959 0.000129793 0.1023
-0.0951076 0.000128194 0.1024
-0.0949169 0.000126599 0.1025
-0.0947239 0.000125006 0.1026
-0.0945287 0.000123417 0.1027
-0.0943311 0.000121832 0.1028
-0.0941312 0.000120249 0.1029
-0.0939291 0.000118671 0.103
-0.0937246 0.000117095 0.1031
-0.0935179 0.000115524 0.1032
-0.0933089 0.000113956 0.1033
-0.0930977 0.000112391 0.1034
-0.0928841 0.00011083 0.1035
-0.0926684 0.000109273 0.1036
-0.0924503 0.00010772 0.1037
-0.0922301 0.00010617 0.1038
-0.0920075 0.000104624 0.1039
-0.0917828 0.000103082 0.104
-0.0915558 0.000101544 0.1041
-0.0913266 0.00010001 0.1042
-0.0910952 9.84796e-05 0.1043
-0.0908615 9.69533e-05 0.1044
-0.0906257 9.5431e-05 0.1045
-0.0903877 9.39127e-05 0.1046
-0.0901474 9.23986e-05 0.1047
-0.089905 9.08886e-05 0.1048
-0.0896604 8.93828e-05 0.1049
-0.0894136 8.78811e-05 0.105
-0.0891646 8.63837e-05 0.1051
-0.0889135 8.48906e-05 0.1052
-0.0886602 8.34018e-05 0.1053
-0.0884048 8.19173e-05 0.1054
-0.0881472 8.04372e-05 0.1055
-0.0878875 7.89615e-05 0.1056
-0.0876256 7.74903e-05 0.1057
-0.0873616 7.60236e-05 0.1058
-0.0870955 7.45614e-05 0.1059
-0.0868273 7.31037e-05 0.106
-0.086557 7.16506e-05 0.1061
-0.0862846 7.02022e-05 0.1062
-0.0860101 6.87584e-05 0.1063
-0.0857335 6.73193e-05 0.1064
-0.0854548 6.5885e-05 0.1065
-0.0851741 6.44554e-05 0.1066
-0.0848912 6.30306e-05 0.1067
-0.0846064 6.16106e-05 0.1068
-0.0843195 6.01955e-05 0.1069
-0.0840305 5.87853e-05 0.107
-0.0837395 5.738e-05 0.1071
-0.0834465 5.59797e-05 0.1072
-0.0831514 5.45844e-05 0.1073
-0.0828543 5.31942e-05 0.1074
-0.0825553 5.1809e-05 0.1075
-0.0822542 5.04289e-05 0.1076
-0.0819511 4.90539e-05 0.1077
-0.0816461 4.76841e-05 0.1078
-0.081339 4.63195e-05 0.1079
-0.08103 4.49601e-05 0.108
-0.0807191 4.3606e-05 0.1081
-0.0804062 4.22572e-05 0.1082
-0.0800913 4.09137e-05 0.1083
-0.0797745 3.95756e-05 0.1084
-0.0794558 3.82428e-05 0.1085
-0.0791351 3.69155e-05 0.1086
-0.0788125 3.55936e-05 0.1087
-0.0784881 3.42773e-05 0.1088
-0.0781617 3.29664e-05 0.1089
-0.0778334 3.16611e-05 0.109
-0.0775033 3.03614e-05 0.1091
-0.0771713 2.90672e-05 0.1092
-0.0768374 2.77788e-05 0.1093
-0.0765017 2.64959e-05 0.1094
-0.0761641 2.52188e-05 0.1095
-0.0758246 2.39475e-05 0.1096
-0.0754834 2.26818e-05 0.1097
-0.0751403 2.1422e-05 0.1098
-0.0747954 2.0168e-05 0.1099
-0.0744487 1.89199e-05 0.11
-0.0741002 1.76776e-05 0.1101
-0.0737499 1.64413e-05 0.1102
-0.0733978 1.52109e-05 0.1103
-0.073044 1.39864e-05 0.1104
-0.0726884 1.2768e-05 0.1105
-0.072331 1.15556e-05 0.1106
-0.0719719 1.03492e-05 0.1107
-0.0716111 9.14892e-06 0.1108
-0.0712485 7.95476e-06 0.1109
-0.0708842 6.76674e-06 0.111
-0.0705182 5.58489e-06 0.1111
-0.0701505 4.40924e-06 0.1112
-0.0697812 3.23981e-06 0.1113
-0.0694101 2.07664e-06 0.1114
-0.0690374 9.19746e-07 0.1115
-0.068663 -2.30838e-07 0.1116
-0.0682869 -1.37509e-06 0.1117
-0.0679092 -2.51297e-06 0.1118
-0.0675299 -3.64447e-06 0.1119
-0.0671489 -4.76955e-06 0.112
-0.0667664 -5.88819e-06 0.1121
-0.0663822 -7.00037e-06 0.1122
-0.0659964 -8.10604e-06 0.1123
-0.0656091 -9.2052e-06 0.1124
-0.0652201 -1.02978e-05 0.1125
-0.0648296 -1.13838e-05 0.1126
-0.0644376 -1.24633e-05 0.1127
-0.064044 -1.35361e-05 0.1128
-0.0636488 -1.46023e-05 0.1129
-0.0632522 -1.56617e-05 0.113
-0.062854 -1.67145e-05 0.1131
-0.0624543 -1.77606e-05 0.1132
-0.0620531 -1.87999e-05 0.1133
-0.0616504 -1.98325e-05 0.1134
-0.0612462 -2.08582e-05 0.1135
-0.0608406 -2.18772e-05 0.1136
-0.0604335 -2.28892e-05 0.1137
-0.060025 -2.38945e-05 0.1138
-0.059615 -2.48928e-05 0.1139
-0.0592036 -2.58842e-05 0.114
-0.0587908 -2.68687e-05 0.1141
-0.0583766 -2.78462e-05 0.1142
-0.0579609 -2.88167e-05 0.1143
-0.0575439 -2.97802e-05 0.1144
-0.0571256 -3.07367e-05 0.1145
-0.0567058 -3.16861e-05 0.1146
-0.0562847 -3.26285e-05 0.1147
-0.0558623 -3.35638e-05 0.1148
-0.0554385 -3.44919e-05 0.1149
-0.0550134 -3.54129e-05 0.115
-0.054587 -3.63268e-05 0.1151
-0.0541592 -3.72334e-05 0.1152
-0.0537302 -3.81329e-05 0.1153
-0.0532999 -3.90251e-05 0.1154
-0.0528684 -3.99101e-05 0.1155
-0.0524356 -4.07879e-05 0.1156
-0.0520015 -4.16583e-05 0.1157
-0.0515662 -4.25214e-05 0.1158
-0.0511297 -4.33772e-05 0.1159
-0.0506919 -4.42257e-05 0.116
-0.050253 -4.50668e-05 0.1161
-0.0498128 -4.59005e-05 0.1162
-0.0493715 -4.67268e-05 0.1163
-0.048929 -4.75457e-05 0.1164
-0.0484854 -4.83571e-05 0.1165
-0.0480406 -4.91611e-05 0.1166
-0.0475946 -4.99576e-05 0.1167
-0.0471475 -5.07466e-05 0.1168
-0.0466993 -5.15281e-05 0.1169
-0.0462501 -5.2302e-05 0.117
-0.0457997 -5.30684e-05 0.1171
-0.0453482 -5.38273e-05 0.1172
-0.0448957 -5.45785e-05 0.1173
-0.0444421 -5.53222e-05 0.1174
-0.0439874 -5.60582e-05 0.1175
-0.0435317 -5.67866e-05 0.1176
-0.043075 -5.75073e-05 0.1177
-0.0426173 -5.82203e-05 0.1178
-0.0421586 -5.89257e-05 0.1179
-0.0416988 -5.96234e-05 0.118
-0.0412381 -6.03133e-05 0.1181
-0.0407765 -6.09955e-05 0.1182
-0.0403138 -6.167e-05 0.1183
-0.0398503 -6.23367e-05 0.1184
-0.0393858 -6.29956e-05 0.1185
-0.0389203 -6.36467e-05 0.1186
-0.038454 -6.429e-05 0.1187
-0.0379868 -6.49255e-05 0.1188
-0.0375186 -6.55531e-05 0.1189
-0.0370496 -6.61729e-05 0.119
-0.0365798 -6.67848e-05 0.1191
-0.0361091 -6.73888e-05 0.1192
-0.0356375 -6.7985e-05 0.1193
-0.0351651 -6.85732e-05 0.1194
-0.0346919 -6.91535e-05 0.1195
-0.0342179 -6.97259e-05 0.1196
-0.0337431 -7.02903e-05 0.1197
-0.0332675 -7.08468e-05 0.1198
-0.0327912 -7.13953e-05 0.1199
-0.0323141 -7.19358e-05 0.12
-0.0318362 -7.24683e-05 0.1201
-0.0313576 -7.29929e-05 0.1202
-0.0308783 -7.35093e-05 0.1203
-0.0303983 -7.40178e-05 0.1204
-0.0299176 -7.45182e-05 0.1205
-0.0294362 -7.50106e-05 0.1206
-0.0289541 -7.54949e-05 0.1207
-0.0284713 -7.59711e-05 0.1208
-0.0279879 -7.64393e-05 0.1209
-0.0275039 -7.68993e-05 0.121
-0.0270193 -7.73513e-05 0.1211
-0.026534 -7.77951e-05 0.1212
-0.0260481 -7.82308e-05 0.1213
-0.0255617 -7.86584e-05 0.1214
-0.0250746 -7.90778e-05 0.1215
-0.024587 -7.94891e-05 0.1216
-0.0240989 -7.98922e-05 0.1217
-0.0236102 -8.02872e-05 0.1218
-0.023121 -8.06739e-05 0.1219
-0.0226312 -8.10525e-05 0.122
-0.022141 -8.14229e-05 0.1221
-0.0216503 -8.17851e-05 0.1222
-0.021159 -8.21391e-05 0.1223
-0.0206674 -8.24849e-05 0.1224
-0.0201752 -8.28224e-05 0.1225
-0.0196827 -8.31517e-05 0.1226
-0.0191896 -8.34728e-05 0.1227
-0.0186962 -8.37857e-05 0.1228
-0.0182024 -8.40902e-05 0.1229
-0.0177082 -8.43866e-05 0.123
-0.0172136 -8.46747e-05 0.1231
-0.0167186 -8.49545e-05 0.1232
-0.0162233 -8.5226e-05 0.1233
-0.0157276 -8.54893e-05 0.1234
-0.0152316 -8.57442e-05 0.1235
-0.0147352 -8.59909e-05 0.1236
-0.0142386 -8.62293e-05 0.1237
-0.0137417 -8.64594e-05 0.1238
-0.0132445 -8.66812e-05 0.1239
-0.012747 -8.68947e-05 0.124
-0.0122493 -8.70999e-05 0.1241
-0.0117513 -8.72968e-05 0.1242
-0.0112531 -8.74853e-05 0.1243
-0.0107546 -8.76656e-05 0.1244
-0.010256 -8.78375e-05 0.1245
-0.00975716 -8.80011e-05 0.1246
-0.00925814 -8.81564e-05 0.1247
-0.00875895 -8.83033e-05 0.1248
-0.00825961 -8.84419e-05 0.1249
-0.00776012 -8.85722e-05 0.125
-0.0072605 -8.86941e-05 0.1251
-0.00676075 -8.88077e-05 0.1252
-0.0062609 -8.8913e-05 0.1253
-0.00576096 -8.90099e-05 0.1254
-0.00526093 -8.90985e-05 0.1255
-0.00476083 -8.91788e-05 0.1256
-0.00426067 -8.92507e-05 0.1257
-0.00376047 -8.93143e-05 0.1258
-0.00326023 -8.93695e-05 0.1259
-0.00275998 -8.94164e-05 0.126
-0.00225972 -8.94549e-05 0.1261
-0.00175946 -8.94851e-05 0.1262
-0.00125922 -8.9507e-05 0.1263
-0.000759004 -8.95205e-05 0.1264
-0.000258835 -8.95257e-05 0.1265
0.000241279 -8.95225e-05 0.1266
0.000741327 -8.95111e-05 0.1267
0.00124129 -8.94913e-05 0.1268
0.00174117 -8.94631e-05 0.1269
0.00224094 -8.94266e-05 0.127
0.0027406 -8.93818e-05 0.1271
0.00324012 -8.93287e-05 0.1272
0.0037395 -8.92673e-05 0.1273
0.00423873 -8.91975e-05 0.1274
0.00473779 -8.91195e-05 0.1275
0.00523667 -8.90331e-05 0.1276
0.00573536 -8.89384e-05 0.1277
0.00623385 -8.88354e-05 0.1278
0.00673212 -8.87241e-05 0.1279
0.00723016 -8.86045e-05 0.128
0.00772795 -8.84766e-05 0.1281
0.0082255 -8.83405e-05 0.1282
0.00872278 -8.8196e-05 0.1283
0.00921977 -8.80433e-05 0.1284
0.00971648 -8.78823e-05 0.1285
0.0102129 -8.77131e-05 0.1286
0.010709 -8.75356e-05 0.1287
0.0112047 -8.73498e-05 0.1288
0.0117001 -8.71558e-05 0.1289
0.0121952 -8.69536e-05 0.129
0.0126899 -8.67431e-05 0.1291
0.0131842 -8.65244e-05 0.1292
0.0136782 -8.62975e-05 0.1293
0.0141717 -8.60623e-05 0.1294
0.0146648 -8.5819e-05 0.1295
0.0151575 -8.55674e-05 0.1296
0.0156497 -8.53077e-05 0.1297
0.0161415 -8.50398e-05 0.1298
0.0166329 -8.47637e-05 0.1299
0.0171237 -8.44795e-05 0.13
0.0176141 -8.41871e-05 0.1301
0.0181039 -8.38865e-05 0.1302
0.0185933 -8.35778e-05 0.1303
0.0190821 -8.3261e-05 0.1304
0.0195704 -8.29361e-05 0.1305
0.0200581 -8.2603e-05 0.1306
0.0205453 -8.22619e-05 0.1307
0.0210319 -8.19126e-05 0.1308
0.0215179 -8.15553e-05 0.1309
0.0220034 -8.11899e-05 0.131
0.0224882 -8.08164e-05 0.1311
0.0229723 -8.04349e-05 0.1312
0.0234559 -8.00454e-05 0.1313
0.0239388 -7.96478e-05 0.1314
0.024421 -7.92423e-05 0.1315
0.0249026 -7.88287e-05 0.1316
0.0253835 -7.84071e-05 0.1317
0.0258637 -7.79776e-05 0.1318
0.0263432 -7.754e-05 0.1319
0.026822 -7.70946e-05 0.132
0.0273 -7.66412e-05 0.1321
0.0277773 -7.61798e-05 0.1322
0.0282538 -7.57106e-05 0.1323
0.0287296 -7.52334e-05 0.1324
0.0292046 -7.47484e-05 0.1325
0.0296788 -7.42554e-05 0.1326
0.0301522 -7.37547e-05 0.1327
0.0306248 -7.3246e-05 0.1328
0.0310966 -7.27296e-05 0.1329
0.0315675 -7.22053e-05 0.133
0.0320376 -7.16732e-05 0.1331
0.0325068 -7.11333e-05 0.1332
0.0329751 -7.05856e-05 0.1333
0.0334426 -7.00302e-05 0.1334
0.0339091 -6.94671e-05 0.1335
0.0343748 -6.88962e-05 0.1336
0.0348395 -6.83176e-05 0.1337
0.0353033 -6.77313e-05 0.1338
0.0357662 -6.71373e-05 0.1339
0.0362281 -6.65357e-05 0.134
0.0366891 -6.59264e-05 0.1341
0.037149 -6.53095e-05 0.1342
0.037608 -6.4685e-05 0.1343
0.038066 -6.40528e-05 0.1344
0.0385229 -6.34131e-05 0.1345
0.0389789 -6.27659e-05 0.1346
0.0394338 -6.2111e-05 0.1347
0.0398876 -6.14487e-05 0.1348
0.0403404 -6.07789e-05 0.1349
0.0407922 -6.01015e-05 0.135
0.0412428 -5.94167e-05 0.1351
0.0416924 -5.87244e-05 0.1352
0.0421409 -5.80247e-05 0.1353
0.0425882 -5.73176e-05 0.1354
0.0430344 -5.66031e-05 0.1355
0.0434795 -5.58812e-05 0.1356
0.0439235 -5.5152e-05 0.1357
0.0443663 -5.44154e-05 0.1358
0.0448079 -5.36715e-05 0.1359
0.0452483 -5.29203e-05 0.136
0.0456876 -5.21618e-05 0.1361
0.0461256 -5.13961e-05 0.1362
0.0465624 -5.06232e-05 0.1363
0.046998 -4.9843e-05 0.1364
0.0474324 -4.90556e-05 0.1365
0.0478655 -4.8261e-05 0.1366
0.0482974 -4.74593e-05 0.1367
0.048728 -4.66505e-05 0.1368
0.0491573 -4.58346e-05 0.1369
0.0495854 -4.50115e-05 0.137
0.0500121 -4.41815e-05 0.1371
0.0504375 -4.33443e-05 0.1372
0.0508617 -4.25002e-05 0.1373
0.0512844 -4.1649e-05 0.1374
0.0517059 -4.07909e-05 0.1375
0.0521259 -3.99258e-05 0.1376
0.0525447 -3.90538e-05 0.1377
0.052962 -3.81749e-05 0.1378
0.053378 -3.72891e-05 0.1379
0.0537925 -3.63965e-05 0.138
0.0542057 -3.5497e-05 0.1381
0.0546175 -3.45907e-05 0.1382
0.0550278 -3.36776e-05 0.1383
0.0554367 -3.27577e-05 0.1384
0.0558441 -3.18312e-05 0.1385
0.0562501 -3.08979e-05 0.1386
0.0566546 -2.99579e-05 0.1387
0.0570577 -2.90112e-05 0.1388
0.0574593 -2.8058e-05 0.1389
0.0578593 -2.70981e-05 0.139
0.0582579 -2.61316e-05 0.1391
0.0586549 -2.51585e-05 0.1392
0.0590505 -2.41789e-05 0.1393
0.0594444 -2.31929e-05 0.1394
0.0598369 -2.22003e-05 0.1395
0.0602278 -2.12013e-05 0.1396
0.0606171 -2.01958e-05 0.1397
0.0610048 -1.91839e-05 0.1398
0.061391 -1.81657e-05 0.1399
0.0617756 -1.71411e-05 0.14
0.0621585 -1.61102e-05 0.1401
0.0625399 -1.50729e-05 0.1402
0.0629196 -1.40295e-05 0.1403
0.0632977 -1.29797e-05 0.1404
0.0636742 -1.19238e-05 0.1405
0.064049 -1.08617e-05 0.1406
0.0644221 -9.7934e-06 0.1407
0.0647936 -8.71899e-06 0.1408
0.0651634 -7.63848e-06 0.1409
0.0655315 -6.55189e-06 0.141
0.0658979 -5.45926e-06 0.1411
0.0662626 -4.36062e-06 0.1412
0.0666256 -3.25599e-06 0.1413
0.0669869 -2.1454e-06 0.1414
0.0673464 -1.02889e-06 0.1415
0.0677042 9.3526e-08 0.1416
0.0680602 1.22181e-06 0.1417
0.0684145 2.35593e-06 0.1418
0.068767 3.49586e-06 0.1419
0.0691177 4.64157e-06 0.142
0.0694667 5.79303e-06 0.1421
0.0698138 6.95021e-06 0.1422
0.0701592 8.11308e-06 0.1423
0.0705027 9.28161e-06 0.1424
0.0708444 1.04558e-05 0.1425
0.0711843 1.16355e-05 0.1426
0.0715223 1.28208e-05 0.1427
0.0718585 1.40117e-05 0.1428
0.0721929 1.5208e-05 0.1429
0.0725253 1.64099e-05 0.143
0.0728559 1.76171e-05 0.1431
0.0731847 1.88298e-05 0.1432
0.0735115 2.00479e-05 0.1433
0.0738364 2.12713e-05 0.1434
0.0741595 2.25e-05 0.1435
0.0744806 2.3734e-05 0.1436
0.0747998 2.49732e-05 0.1437
0.0751171 2.62177e-05 0.1438
0.0754324 2.74673e-05 0.1439
0.0757458 2.87221e-05 0.144
0.0760572 2.9982e-05 0.1441
0.0763667 3.1247e-05 0.1442
0.0766742 3.2517e-05 0.1443
0.0769798 3.37921e-05 0.1444
0.0772833 3.50722e-05 0.1445
0.0775849 3.63572e-05 0.1446
0.0778845 3.76471e-05 0.1447
0.078182 3.89419e-05 0.1448
0.0784776 4.02416e-05 0.1449
0.0787711 4.1546e-05 0.145
0.0790626 4.28553e-05 0.1451
0.0793521 4.41693e-05 0.1452
0.0796395 4.5488e-05 0.1453
0.0799249 4.68114e-05 0.1454
0.0802082 4.81395e-05 0.1455
0.0804894 4.94721e-05 0.1456
0.0807686 5.08094e-05 0.1457
0.0810457 5.21511e-05 0.1458
0.0813207 5.34974e-05 0.1459
0.0815937 5.48482e-05 0.146
0.0818645 5.62034e-05 0.1461
0.0821332 5.75629e-05 0.1462
0.0823998 5.89269e-05 0.1463
0.0826643 6.02952e-05 0.1464
0.0829267 6.16678e-05 0.1465
0.0831869 6.30446e-05 0.1466
0.083445 6.44256e-05 0.1467
0.083701 6.58109e-05 0.1468
0.0839548 6.72003e-05 0.1469
0.0842065 6.85938e-05 0.147
0.084456 6.99914e-05 0.1471
0.0847033 7.1393e-05 0.1472
0.0849484 7.27986e-05 0.1473
0.0851914 7.42082e-05 0.1474
0.0854321 7.56218e-05 0.1475
0.0856707 7.70392e-05 0.1476
0.0859071 7.84605e-05 0.1477
0.0861413 7.98856e-05 0.1478
0.0863732 8.13145e-05 0.1479
0.086603 8.27471e-05 0.148
0.0868305 8.41834e-05 0.1481
0.0870558 8.56235e-05 0.1482
0.0872789 8.70671e-05 0.1483
0.0874997 8.85144e-05 0.1484
0.0877183 8.99652e-05 0.1485
0.0879346 9.14195e-05 0.1486
0.0881487 9.28773e-05 0.1487
0.0883605 9.43386e-05 0.1488
0.08857 9.58032e-05 0.1489
0.0887773 9.72713e-05 0.149
0.0889823 9.87426e-05 0.1491
0.089185 0.000100217 0.1492
0.0893854 0.000101695 0.1493
0.0895835 0.000103176 0.1494
0.0897793 0.000104661 0.1495
0.0899729 0.000106148 0.1496
0.0901641 0.000107639 0.1497
0.090353 0.000109132 0.1498
0.0905396 0.000110629 0.1499
0.0907239 0.000112129 0.15
0.0909058 0.000113631 0.1501
0.0910854 0.000115137 0.1502
0.0912627 0.000116645 0.1503
0.0914377 0.000118156 0.1504
0.0916103 0.00011967 0.1505
0.0917805 0.000121187 0.1506
0.0919484 0.000122706 0.1507
0.0921139 0.000124228 0.1508
0.0922771 0.000125753 0.1509
0.0924379 0.00012728 0.151
0.0925964 0.00012881 0.1511
0.0927525 0.000130343 0.1512
0.0929062 0.000131877 0.1513
0.0930575 0.000133415 0.1514
0.0932064 0.000134954 0.1515
0.093353 0.000136496 0.1516
0.0934971 0.000138041 0.1517
0.0936389 0.000139587 0.1518
0.0937783 0.000141136 0.1519
0.0939152 0.000142687 0.152
0.0940498 0.000144241 0.1521
0.0941819 0.000145796 0.1522
0.0943117 0.000147353 0.1523
0.094439 0.000148913 0.1524
0.0945639 0.000150474 0.1525
0.0946864 0.000152037 0.1526
0.0948064 0.000153603 0.1527
0.0949241 0.00015517 0.1528
0.0950393 0.000156739 0.1529
0.095152 0.00015831 0.153
0.0952624 0.000159882 0.1531
0.0953703 0.000161456 0.1532
0.0954757 0.000163032 0.1533
0.0955787 0.00016461 0.1534
0.0956793 0.000166189 0.1535
0.0957774 0.00016777 0.1536
0.0958731 0.000169352 0.1537
0.0959663 0.000170935 0.1538
0.096057 0.00017252 0.1539
0.0961453 0.000174107 0.154
0.0962311 0.000175695 0.1541
0.0963145 0.000177284 0.1542
0.0963954 0.000178874 0.1543
0.0964738 0.000180465 0.1544
0.0965498 0.000182058 0.1545
0.0966233 0.000183652 0.1546
0.0966943 0.000185247 0.1547
0.0967629 0.000186843 0.1548
0.0968289 0.00018844 0.1549
0.0968925 0.000190038 0.155
0.0969537 0.000191637 0.1551
0.0970123 0.000193236 0.1552
0.0970684 0.000194837 0.1553
0.0971221 0.000196438 0.1554
0.0971733 0.000198041 0.1555
0.097222 0.000199643 0.1556
0.0972682 0.000201247 0.1557
0.0973119 0.000202851 0.1558
0.0973532 0.000204456 0.1559
0.0973919 0.000206061 0.156
0.0974282 0.000207667 0.1561
0.0974619 0.000209274 0.1562
0.0974932 0.00021088 0.1563
0.097522 0.000212488 0.1564
0.0975482 0.000214095 0.1565
0.097572 0.000215703 0.1566
0.0975933 0.000217311 0.1567
0.0976121 0.000218919 0.1568
0.0976284 0.000220528 0.1569
0.0976422 0.000222136 0.157
0.0976535 0.000223745 0.1571
0.0976623 0.000225354 0.1572
0.0976686 0.000226962 0.1573
0.0976724 0.000228571 0.1574
0.0976737 0.00023018 0.1575
0.0976725 0.000231788 0.1576
0.0976688 0.000233397 0.1577
0.0976626 0.000235005 0.1578
0.0976539 0.000236613 0.1579
0.0976427 0.000238221 0.158
0.097629 0.000239828 0.1581
0.0976129 0.000241435 0.1582
0.0975942 0.000243042 0.1583
0.097573 0.000244648 0.1584
0.0975493 0.000246253 0.1585
0.0975232 0.000247859 0.1586
0.0974945 0.000249463 0.1587
0.0974634 0.000251067 0.1588
0.0974297 0.00025267 0.1589
0.0973936 0.000254273 0.159
0.0973549 0.000255875 0.1591
0.0973138 0.000257476 0.1592
0.0972702 0.000259076 0.1593
0.0972241 0.000260676 0.1594
0.0971755 0.000262274 0.1595
0.0971245 0.000263872 0.1596
0.0970709 0.000265468 0.1597
0.0970149 0.000267064 0.1598
0.0969564 0.000268658 0.1599
0.0968954 0.000270252 0.16
0.0968319 0.000271844 0.1601
0.0967659 0.000273435 0.1602
0.0966975 0.000275025 0.1603
0.0966266 0.000276613 0.1604
0.0965532 0.000278201 0.1605
0.0964774 0.000279787 0.1606
0.0963991 0.000281371 0.1607
0.0963183 0.000282954 0.1608
0.096235 0.000284536 0.1609
0.0961493 0.000286116 0.161
0.0960612 0.000287694 0.1611
0.0959705 0.000289271 0.1612
0.0958775 0.000290846 0.1613
0.0957819 0.00029242 0.1614
0.0956839 0.000293992 0.1615
0.0955835 0.000295562 0.1616
0.0954806 0.00029713 0.1617
0.0953753 0.000298697 0.1618
0.0952676 0.000300261 0.1619
0.0951574 0.000301824 0.162
0.0950447 0.000303384 0.1621
0.0949297 0.000304943 0.1622
0.0948122 0.0003065 0.1623
0.0946923 0.000308054 0.1624
0.0945699 0.000309606 0.1625
0.0944452 0.000311157 0.1626
0.094318 0.000312705 0.1627
0.0941884 0.00031425 0.1628
0.0940564 0.000315794 0.1629
0.093922 0.000317335 0.163
0.0937852 0.000318874 0.1631
0.093646 0.00032041 0.1632
0.0935043 0.000321944 0.1633
0.0933603 0.000323475 0.1634
0.0932139 0.000325004 0.1635
0.0930652 0.000326531 0.1636
0.092914 0.000328054 0.1637
0.0927605 0.000329575 0.1638
0.0926045 0.000331094 0.1639
0.0924463 0.00033261 0.164
0.0922856 0.000334122 0.1641
0.0921226 0.000335633 0.1642
0.0919572 0.00033714 0.1643
0.0917895 0.000338644 0.1644
0.0916194 0.000340146 0.1645
0.091447 0.000341644 0.1646
0.0912722 0.00034314 0.1647
0.0910951 0.000344632 0.1648
0.0909157 0.000346121 0.1649
0.0907339 0.000347608 0.165
0.0905498 0.000349091 0.1651
0.0903634 0.000350571 0.1652
0.0901747 0.000352047 0.1653
0.0899836 0.000353521 0.1654
0.0897903 0.000354991 0.1655
0.0895947 0.000356458 0.1656
0.0893967 0.000357921 0.1657
0.0891965 0.000359381 0.1658
0.088994 0.000360838 0.1659
0.0887892 0.000362291 0.166
0.0885821 0.00036374 0.1661
0.0883728 0.000365186 0.1662
0.0881612 0.000366628 0.1663
0.0879473 0.000368067 0.1664
0.0877312 0.000369502 0.1665
0.0875129 0.000370933 0.1666
0.0872923 0.000372361 0.1667
0.0870694 0.000373784 0.1668
0.0868444 0.000375204 0.1669
0.0866171 0.00037662 0.167
0.0863875 0.000378032 0.1671
0.0861558 0.00037944 0.1672
0.0859218 0.000380845 0.1673
0.0856857 0.000382245 0.1674
0.0854474 0.000383641 0.1675
0.0852068 0.000385033 0.1676
0.0849641 0.000386421 0.1677
0.0847192 0.000387805 0.1678
0.0844721 0.000389184 0.1679
0.0842229 0.000390559 0.168
0.0839715 0.00039193 0.1681
0.0837179 0.000393297 0.1682
0.0834622 0.00039466 0.1683
0.0832044 0.000396018 0.1684
0.0829444 0.000397371 0.1685
0.0826823 0.00039872 0.1686
0.082418 0.000400065 0.1687
0.0821517 0.000401405 0.1688
0.0818832 0.000402741 0.1689
0.0816127 0.000404072 0.169
0.08134 0.000405398 0.1691
0.0810653 0.00040672 0.1692
0.0807885 0.000408037 0.1693
0.0805096 0.000409349 0.1694
0.0802286 0.000410657 0.1695
0.0799456 0.00041196 0.1696
0.0796605 0.000413258 0.1697
0.0793734 0.000414551 0.1698
0.0790842 0.000415839 0.1699
0.078793 0.000417122 0.17
0.0784998 0.000418401 0.1701
0.0782045 0.000419674 0.1702
0.0779073 0.000420942 0.1703
0.077608 0.000422205 0.1704
0.0773068 0.000423464 0.1705
0.0770036 0.000424717 0.1706
0.0766983 0.000425965 0.1707
0.0763912 0.000427207 0.1708
0.076082 0.000428445 0.1709
0.0757709 0.000429677 0.171
0.0754578 0.000430904 0.1711
0.0751428 0.000432125 0.1712
0.0748259 0.000433342 0.1713
0.0745071 0.000434552 0.1714
0.0741863 0.000435758 0.1715
0.0738636 0.000436958 0.1716
0.073539 0.000438152 0.1717
0.0732125 0.000439341 0.1718
0.0728842 0.000440525 0.1719
0.0725539 0.000441703 0.172
0.0722218 0.000442875 0.1721
0.0718879 0.000444042 0.1722
0.0715521 0.000445203 0.1723
0.0712144 0.000446358 0.1724
0.0708749 0.000447508 0.1725
0.0705336 0.000448652 0.1726
0.0701904 0.00044979 0.1727
0.0698455 0.000450922 0.1728
0.0694987 0.000452048 0.1729
0.0691502 0.000453169 0.173
0.0687999 0.000454283 0.1731
0.0684478 0.000455392 0.1732
0.0680939 0.000456495 0.1733
0.0677383 0.000457592 0.1734
0.0673809 0.000458682 0.1735
0.0670218 0.000459767 0.1736
0.066661 0.000460846 0.1737
0.0662984 0.000461918 0.1738
0.0659341 0.000462984 0.1739
0.0655682 0.000464045 0.174
0.0652005 0.000465099 0.1741
0.0648311 0.000466147 0.1742
0.0644601 0.000467188 0.1743
0.0640874 0.000468223 0.1744
0.0637131 0.000469252 0.1745
0.0633371 0.000470275 0.1746
0.0629594 0.000471291 0.1747
0.0625802 0.000472301 0.1748
0.0621993 0.000473305 0.1749
0.0618168 0.000474302 0.175
0.0614327 0.000475293 0.1751
0.061047 0.000476277 0.1752
0.0606598 0.000477254 0.1753
0.060271 0.000478226 0.1754
0.0598806 0.00047919 0.1755
0.0594886 0.000480148 0.1756
0.0590951 0.0004811 0.1757
0.0587001 0.000482044 0.1758
0.0583036 0.000482982 0.1759
0.0579055 0.000483914 0.176
0.057506 0.000484838 0.1761
0.0571049 0.000485756 0.1762
0.0567024 0.000486667 0.1763
0.0562984 0.000487572 0.1764
0.055893 0.000488469 0.1765
0.0554861 0.00048936 0.1766
0.0550777 0.000490244 0.1767
0.0546679 0.000491121 0.1768
0.0542567 0.000491991 0.1769
0.0538441 0.000492854 0.177
0.0534301 0.000493711 0.1771
0.0530147 0.00049456 0.1772
0.052598 0.000495402 0.1773
0.0521798 0.000496237 0.1774
0.0517603 0.000497066 0.1775
0.0513394 0.000497887 0.1776
0.0509173 0.000498701 0.1777
0.0504937 0.000499508 0.1778
0.0500689 0.000500308 0.1779
0.0496428 0.000501101 0.178
0.0492153 0.000501886 0.1781
0.0487866 0.000502664 0.1782
0.0483566 0.000503436 0.1783
0.0479254 0.000504199 0.1784
0.0474929 0.000504956 0.1785
0.0470591 0.000505706 0.1786
0.0466241 0.000506448 0.1787
0.046188 0.000507182 0.1788
0.0457505 0.00050791 0.1789
0.0453119 0.00050863 0.179
0.0448722 0.000509343 0.1791
0.0444312 0.000510048 0.1792
0.0439891 0.000510746 0.1793
0.0435458 0.000511437 0.1794
0.0431014 0.00051212 0.1795
0.0426558 0.000512795 0.1796
0.0422091 0.000513463 0.1797
0.0417614 0.000514124 0.1798
0.0413125 0.000514777 0.1799
0.0408625 0.000515423 0.18
0.0404115 0.000516061 0.1801
0.0399594 0.000516691 0.1802
0.0395062 0.000517314 0.1803
0.039052 0.000517929 0.1804
0.0385968 0.000518537 0.1805
0.0381405 0.000519137 0.1806
0.0376833 0.000519729 0.1807
0.037225 0.000520314 0.1808
0.0367658 0.000520891 0.1809
0.0363056 0.00052146 0.181
0.0358444 0.000522022 0.1811
0.0353823 0.000522576 0.1812
0.0349193 0.000523122 0.1813
0.0344553 0.00052366 0.1814
0.0339904 0.000524191 0.1815
0.0335246 0.000524713 0.1816
0.0330579 0.000525228 0.1817
0.0325903 0.000525736 0.1818
0.0321219 0.000526235 0.1819
0.0316526 0.000526726 0.182
0.0311825 0.00052721 0.1821
0.0307115 0.000527686 0.1822
0.0302397 0.000528153 0.1823
0.0297671 0.000528613 0.1824
0.0292937 0.000529065 0.1825
0.0288195 0.000529509 0.1826
0.0283446 0.000529946 0.1827
0.0278688 0.000530374 0.1828
0.0273924 0.000530794 0.1829
0.0269152 0.000531206 0.183
0.0264372 0.000531611 0.1831
0.0259586 0.000532007 0.1832
0.0254792 0.000532395 0.1833
0.0249992 0.000532775 0.1834
0.0245185 0.000533148 0.1835
0.0240371 0.000533512 0.1836
0.0235551 0.000533868 0.1837
0.0230724 0.000534216 0.1838
0.0225891 0.000534556 0.1839
0.0221052 0.000534888 0.184
0.0216206 0.000535212 0.1841
0.0211355 0.000535527 0.1842
0.0206498 0.000535835 0.1843
0.0201635 0.000536134 0.1844
0.0196767 0.000536426 0.1845
0.0191893 0.000536709 0.1846
0.0187014 0.000536984 0.1847
0.018213 0.000537251 0.1848
0.0177241 0.00053751 0.1849
0.0172346 0.00053776 0.185
0.0167447 0.000538003 0.1851
0.0162543 0.000538237 0.1852
0.0157635 0.000538463 0.1853
0.0152722 0.000538681 0.1854
0.0147804 0.00053889 0.1855
0.0142883 0.000539092 0.1856
0.0137957 0.000539285 0.1857
0.0133028 0.00053947 0.1858
0.0128094 0.000539647 0.1859
0.0123157 0.000539815 0.186
0.0118216 0.000539976 0.1861
0.0113272 0.000540128 0.1862
0.0108325 0.000540271 0.1863
0.0103374 0.000540407 0.1864
0.00984197 0.000540534 0.1865
0.00934628 0.000540653 0.1866
0.0088503 0.000540764 0.1867
0.00835404 0.000540866 0.1868
0.00785753 0.00054096 0.1869
0.00736076 0.000541046 0.187
0.00686376 0.000541124 0.1871
0.00636653 0.000541193 0.1872
0.0058691 0.000541254 0.1873
0.00537146 0.000541307 0.1874
0.00487364 0.000541351 0.1875
0.00437564 0.000541387 0.1876
0.00387748 0.000541415 0.1877
0.00337917 0.000541435 0.1878
0.00288073 0.000541446 0.1879
0.00238216 0.000541449 0.188
0.00188348 0.000541443 0.1881
0.0013847 0.000541429 0.1882
0.000885827 0.000541407 0.1883
0.000386885 0.000541377 0.1884
-0.00011212 0.000541338 0.1885
-0.000611174 0.000541291 0.1886
-0.00111027 0.000541236 0.1887
-0.00160938 0.000541173 0.1888
-0.00210851 0.000541101 0.1889
-0.00260764 0.00054102 0.189
-0.00310675 0.000540932 0.1891
-0.00360584 0.000540835 0.1892
-0.00410489 0.00054073 0.1893
-0.00460389 0.000540616 0.1894
-0.00510283 0.000540495 0.1895
-0.00560169 0.000540365 0.1896
-0.00610047 0.000540226 0.1897
-0.00659914 0.000540079 0.1898
-0.0070977 0.000539924 0.1899
-0.00759614 0.000539761 0.19
-0.00809444 0.00053959 0.1901
-0.00859259 0.00053941 0.1902
-0.00909057 0.000539222 0.1903
-0.00958838 0.000539025 0.1904
-0.010086 0.000538821 0.1905
-0.0105834 0.000538608 0.1906
-0.0110806 0.000538386 0.1907
-0.0115776 0.000538157 0.1908
-0.0120744 0.000537919 0.1909
-0.0125709 0.000537673 0.191
-0.0130671 0.000537419 0.1911
-0.0135631 0.000537156 0.1912
-0.0140587 0.000536885 0.1913
-0.0145541 0.000536606 0.1914
-0.0150492 0.000536319 0.1915
-0.0155439 0.000536024 0.1916
-0.0160383 0.00053572 0.1917
-0.0165324 0.000535408 0.1918
-0.0170261 0.000535088 0.1919
-0.0175194 0.000534759 0.192
-0.0180123 0.000534423 0.1921
-0.0185048 0.000534078 0.1922
-0.018997 0.000533725 0.1923
-0.0194887 0.000533364 0.1924
-0.0199799 0.000532995 0.1925
-0.0204707 0.000532618 0.1926
-0.0209611 0.000532232 0.1927
-0.021451 0.000531838 0.1928
-0.0219404 0.000531437 0.1929
-0.0224293 0.000531027 0.193
-0.0229177 0.000530609 0.1931
-0.0234056 0.000530183 0.1932
-0.0238929 0.000529748 0.1933
-0.0243797 0.000529306 0.1934
-0.0248659 0.000528856 0.1935
-0.0253516 0.000528397 0.1936
-0.0258367 0.000527931 0.1937
-0.0263212 0.000527456 0.1938
-0.026805 0.000526973 0.1939
-0.0272883 0.000526483 0.194
-0.0277709 0.000525984 0.1941
-0.0282529 0.000525478 0.1942
-0.0287343 0.000524963 0.1943
-0.0292149 0.00052444 0.1944
-0.0296949 0.00052391 0.1945
-0.0301742 0.000523371 0.1946
-0.0306528 0.000522825 0.1947
-0.0311307 0.00052227 0.1948
-0.0316079 0.000521708 0.1949
-0.0320843 0.000521138 0.195
-0.0325599 0.00052056 0.1951
-0.0330348 0.000519974 0.1952
-0.033509 0.00051938 0.1953
-0.0339823 0.000518778 0.1954
-0.0344549 0.000518169 0.1955
-0.0349266 0.000517551 0.1956
-0.0353975 0.000516926 0.1957
-0.0358676 0.000516293 0.1958
-0.0363368 0.000515652 0.1959
-0.0368052 0.000515004 0.196
-0.0372727 0.000514348 0.1961
-0.0377393 0.000513684 0.1962
-0.0382051 0.000513012 0.1963
-0.0386699 0.000512332 0.1964
-0.0391338 0.000511645 0.1965
-0.0395968 0.00051095 0.1966
-0.0400589 0.000510248 0.1967
-0.04052 0.000509538 0.1968
-0.0409801 0.00050882 0.1969
-0.0414393 0.000508095 0.197
-0.0418975 0.000507362 0.1971
-0.0423546 0.000506621 0.1972
-0.0428108 0.000505873 0.1973
-0.043266 0.000505118 0.1974
-0.0437201 0.000504355 0.1975
-0.0441732 0.000503584 0.1976
-0.0446252 0.000502806 0.1977
-0.0450762 0.00050202 0.1978
-0.0455261 0.000501227 0.1979
-0.0459749 0.000500427 0.198
-0.0464226 0.000499619 0.1981
-0.0468692 0.000498804 0.1982
-0.0473147 0.000497981 0.1983
-0.047759 0.000497151 0.1984
-0.0482022 0.000496314 0.1985
-0.0486443 0.000495469 0.1986
-0.0490851 0.000494617 0.1987
-0.0495249 0.000493758 0.1988
-0.0499634 0.000492891 0.1989
-0.0504007 0.000492018 0.199
-0.0508368 0.000491137 0.1991
-0.0512717 0.000490249 0.1992
-0.0517054 0.000489353 0.1993
-0.0521378 0.000488451 0.1994
-0.052569 0.000487541 0.1995
-0.0529989 0.000486625 0.1996
-0.0534275 0.000485701 0.1997
-0.0538548 0.00048477 0.1998
-0.0542809 0.000483832 0.1999
-0.0547056 0.000482887 0.2
-0.0551291 0.000481935 0.2001
-0.0555512 0.000480977 0.2002
-0.0559719 0.000480011 0.2003
-0.0563913 0.000479038 0.2004
-0.0568094 0.000478058 0.2005
-0.0572261 0.000477072 0.2006
-0.0576414 0.000476078 0.2007
-0.0580553 0.000475078 0.2008
-0.0584678 0.000474071 0.2009
-0.0588789 0.000473057 0.201
-0.0592886 0.000472036 0.2011
-0.0596968 0.000471009 0.2012
-0.0601037 0.000469975 0.2013
-0.060509 0.000468934 0.2014
-0.0609129 0.000467887 0.2015
-0.0613153 0.000466833 0.2016
-0.0617163 0.000465772 0.2017
-0.0621157 0.000464705 0.2018
-0.0625137 0.000463631 0.2019
-0.0629101 0.00046255 0.202
-0.063305 0.000461463 0.2021
-0.0636984 0.00046037 0.2022
-0.0640902 0.00045927 0.2023
-0.0644805 0.000458164 0.2024
-0.0648692 0.000457051 0.2025
-0.0652564 0.000455932 0.2026
-0.065642 0.000454806 0.2027
-0.0660259 0.000453674 0.2028
-0.0664083 0.000452536 0.2029
-0.0667891 0.000451392 0.203
-0.0671682 0.000450241 0.2031
-0.0675458 0.000449084 0.2032
-0.0679217 0.000447921 0.2033
-0.0682959 0.000446752 0.2034
-0.0686685 0.000445577 0.2035
-0.0690394 0.000444395 0.2036
-0.0694086 0.000443208 0.2037
-0.0697762 0.000442014 0.2038
-0.070142 0.000440814 0.2039
-0.0705062 0.000439609 0.204
-0.0708686 0.000438397 0.2041
-0.0712294 0.000437179 0.2042
-0.0715884 0.000435956 0.2043
-0.0719456 0.000434727 0.2044
-0.0723011 0.000433491 0.2045
-0.0726549 0.00043225 0.2046
-0.0730069 0.000431004 0.2047
-0.0733571 0.000429751 0.2048
-0.0737055 0.000428493 0.2049
-0.0740521 0.000427229 0.205
-0.0743969 0.000425959 0.2051
-0.07474 0.000424684 0.2052
-0.0750812 0.000423403 0.2053
-0.0754205 0.000422116 0.2054
-0.0757581 0.000420824 0.2055
-0.0760938 0.000419527 0.2056
-0.0764276 0.000418224 0.2057
-0.0767596 0.000416915 0.2058
-0.0770897 0.000415601 0.2059
-0.077418 0.000414282 0.206
-0.0777443 0.000412957 0.2061
-0.0780688 0.000411627 0.2062
-0.0783913 0.000410292 0.2063
-0.078712 0.000408951 0.2064
-0.0790307 0.000407605 0.2065
-0.0793475 0.000406254 0.2066
-0.0796624 0.000404898 0.2067
-0.0799753 0.000403537 0.2068
-0.0802863 0.00040217 0.2069
-0.0805953 0.000400799 0.207
-0.0809024 0.000399422 0.2071
-0.0812074 0.000398041 0.2072
-0.0815105 0.000396654 0.2073
-0.0818117 0.000395263 0.2074
-0.0821108 0.000393867 0.2075
-0.0824079 0.000392466 0.2076
-0.082703 0.000391059 0.2077
-0.0829961 0.000389649 0.2078
-0.0832872 0.000388233 0.2079
-0.0835762 0.000386813 0.208
-0.0838632 0.000385388 0.2081
-0.0841481 0.000383958 0.2082
-0.084431 0.000382524 0.2083
-0.0847119 0.000381085 0.2084
-0.0849906 0.000379641 0.2085
-0.0852673 0.000378193 0.2086
-0.0855419 0.000376741 0.2087
-0.0858144 0.000375284 0.2088
-0.0860849 0.000373822 0.2089
-0.0863532 0.000372357 0.209
-0.0866194 0.000370887 0.2091
-0.0868835 0.000369412 0.2092
-0.0871454 0.000367933 0.2093
-0.0874053 0.000366451 0.2094
-0.087663 0.000364963 0.2095
-0.0879186 0.000363472 0.2096
-0.088172 0.000361977 0.2097
-0.0884232 0.000360477 0.2098
-0.0886723 0.000358973 0.2099
-0.0889193 0.000357466 0.21
-0.089164 0.000355954 0.2101
-0.0894066 0.000354439 0.2102
-0.089647 0.000352919 0.2103
-0.0898852 0.000351396 0.2104
-0.0901212 0.000349869 0.2105
-0.090355 0.000348338 0.2106
-0.0905866 0.000346803 0.2107
-0.090816 0.000345264 0.2108
-0.0910432 0.000343722 0.2109
-0.0912681 0.000342176 0.211
-0.0914908 0.000340627 0.2111
-0.0917113 0.000339074 0.2112
-0.0919295 0.000337517 0.2113
-0.0921455 0.000335957 0.2114
-0.0923592 0.000334393 0.2115
-0.0925706 0.000332826 0.2116
-0.0927798 0.000331256 0.2117
-0.0929867 0.000329682 0.2118
-0.0931914 0.000328105 0.2119
-0.0933937 0.000326524 0.212
-0.0935938 0.000324941 0.2121
-0.0937916 0.000323354 0.2122
-0.0939871 0.000321764 0.2123
-0.0941803 0.000320171 0.2124
-0.0943712 0.000318575 0.2125
-0.0945598 0.000316975 0.2126
-0.094746 0.000315373 0.2127
-0.09493 0.000313768 0.2128
-0.0951116 0.00031216 0.2129
-0.0952909 0.000310549 0.213
-0.0954678 0.000308935 0.2131
-0.0956425 0.000307318 0.2132
-0.0958147 0.000305699 0.2133
-0.0959847 0.000304076 0.2134
-0.0961523 0.000302452 0.2135
-0.0963175 0.000300824 0.2136
-0.0964804 0.000299194 0.2137
-0.0966409 0.000297561 0.2138
-0.096799 0.000295926 0.2139
-0.0969548 0.000294288 0.214
-0.0971082 0.000292648 0.2141
-0.0972592 0.000291005 0.2142
-0.0974078 0.00028936 0.2143
-0.0975541 0.000287712 0.2144
-0.0976979 0.000286063 0.2145
-0.0978394 0.000284411 0.2146
-0.0979784 0.000282757 0.2147
-0.0981151 0.0002811 0.2148
-0.0982494 0.000279442 0.2149
-0.0983812 0.000277781 0.215
-0.0985107 0.000276118 0.2151
-0.0986377 0.000274454 0.2152
-0.0987623 0.000272787 0.2153
-0.0988845 0.000271118 0.2154
-0.0990043 0.000269448 0.2155
-0.0991216 0.000267776 0.2156
-0.0992365 0.000266101 0.2157
-0.099349 0.000264425 0.2158
-0.0994591 0.000262748 0.2159
-0.0995667 0.000261068 0.216
-0.0996718 0.000259387 0.2161
-0.0997746 0.000257705 0.2162
-0.0998748 0.00025602 0.2163
-0.0999727 0.000254335 0.2164
-0.100068 0.000252647 0.2165
-0.100161 0.000250959 0.2166
-0.100251 0.000249269 0.2167
-0.100339 0.000247577 0.2168
-0.100425 0.000245884 0.2169
-0.100508 0.00024419 0.217
-0.100589 0.000242495 0.2171
-0.100667 0.000240799 0.2172
-0.100743 0.000239101 0.2173
-0.100816 0.000237402 0.2174
-0.100887 0.000235702 0.2175
-0.100955 0.000234001 0.2176
-0.101021 0.000232299 0.2177
-0.101084 0.000230596 0.2178
-0.101145 0.000228893 0.2179
-0.101203 0.000227188 0.218
-0.101259 0.000225483 0.2181
-0.101313 0.000223776 0.2182
-0.101363 0.000222069 0.2183
-0.101412 0.000220362 0.2184
-0.101458 0.000218653 0.2185
-0.101501 0.000216944 0.2186
-0.101542 0.000215235 0.2187
-0.101581 0.000213524 0.2188
-0.101617 0.000211814 0.2189
-0.10165 0.000210103 0.219
-0.101681 0.000208391 0.2191
-0.10171 0.000206679 0.2192
-0.101736 0.000204967 0.2193
-0.101759 0.000203255 0.2194
-0.10178 0.000201542 0.2195
-0.101799 0.000199829 0.2196
-0.101815 0.000198116 0.2197
-0.101829 0.000196402 0.2198
-0.10184 0.000194689 0.2199
-0.101848 0.000192976 0.22
-0.101854 0.000191262 0.2201
-0.101858 0.000189549 0.2202
-0.101859 0.000187836 0.2203
-0.101857 0.000186123 0.2204
-0.101853 0.00018441 0.2205
-0.101847 0.000182697 0.2206
-0.101838 0.000180984 0.2207
-0.101827 0.000179272 0.2208
-0.101813 0.00017756 0.2209
-0.101796 0.000175849 0.221
-0.101777 0.000174138 0.2211
-0.101756 0.000172427 0.2212
-0.101732 0.000170717 0.2213
-0.101705 0.000169007 0.2214
-0.101677 0.000167298 0.2215
-0.101645 0.00016559 0.2216
-0.101611 0.000163882 0.2217
-0.101575 0.000162175 0.2218
-0.101536 0.000160469 0.2219
-0.101495 0.000158764 0.222
-0.101451 0.000157059 0.2221
-0.101404 0.000155355 0.2222
-0.101356 0.000153652 0.2223
-0.101304 0.00015195 0.2224
-0.10125 0.000150249 0.2225
-0.101194 0.00014855 0.2226
-0.101135 0.000146851 0.2227
-0.101074 0.000145153 0.2228
-0.10101 0.000143457 0.2229
-0.100944 0.000141761 0.223
-0.100876 0.000140067 0.2231
-0.100804 0.000138375 0.2232
-0.100731 0.000136683 0.2233
-0.100655 0.000134993 0.2234
-0.100576 0.000133304 0.2235
-0.100495 0.000131617 0.2236
-0.100412 0.000129932 0.2237
-0.100326 0.000128247 0.2238
-0.100237 0.000126565 0.2239
-0.100146 0.000124884 0.224
-0.100053 0.000123204 0.2241
-0.0999572 0.000121527 0.2242
-0.0998589 0.000119851 0.2243
-0.0997582 0.000118177 0.2244
-0.0996551 0.000116504 0.2245
-0.0995495 0.000114834 0.2246
-0.0994415 0.000113165 0.2247
-0.099331 0.000111499 0.2248
-0.0992182 0.000109834 0.2249
-0.0991028 0.000108171 0.225
-0.0989851 0.000106511 0.2251
-0.0988649 0.000104852 0.2252
-0.0987423 0.000103196 0.2253
-0.0986173 0.000101542 0.2254
-0.0984898 9.989e-05 0.2255
-0.09836 9.82404e-05 0.2256
-0.0982277 9.6593e-05 0.2257
-0.098093 9.4948e-05 0.2258
-0.0979559 9.33054e-05 0.2259
-0.0978164 9.16652e-05 0.226
-0.0976746 9.00274e-05 0.2261
-0.0975303 8.83922e-05 0.2262
-0.0973836 8.67595e-05 0.2263
-0.0972346 8.51293e-05 0.2264
-0.0970831 8.35018e-05 0.2265
-0.0969293 8.1877e-05 0.2266
-0.0967731 8.02548e-05 0.2267
-0.0966146 7.86354e-05 0.2268
-0.0964536 7.70188e-05 0.2269
-0.0962903 7.5405e-05 0.227
-0.0961247 7.3794e-05 0.2271
-0.0959567 7.21859e-05 0.2272
-0.0957863 7.05808e-05 0.2273
-0.0956136 6.89786e-05 0.2274
-0.0954386 6.73795e-05 0.2275
-0.0952612 6.57834e-05 0.2276
-0.0950814 6.41904e-05 0.2277
-0.0948994 6.26005e-05 0.2278
-0.094715 6.10138e-05 0.2279
-0.0945283 5.94303e-05 0.228
-0.0943393 5.785e-05 0.2281
-0.094148 5.6273e-05 0.2282
-0.0939543 5.46994e-05 0.2283
-0.0937584 5.31291e-05 0.2284
-0.0935602 5.15621e-05 0.2285
-0.0933596 4.99987e-05 0.2286
-0.0931568 4.84387e-05 0.2287
-0.0929517 4.68822e-05 0.2288
-0.0927444 4.53292e-05 0.2289
-0.0925347 4.37799e-05 0.229
-0.0923228 4.22341e-05 0.2291
-0.0921087 4.0692e-05 0.2292
-0.0918923 3.91537e-05 0.2293
-0.0916736 3.7619e-05 0.2294
-0.0914527 3.60881e-05 0.2295
-0.0912295 3.45611e-05 0.2296
-0.0910041 3.30379e-05 0.2297
-0.0907765 3.15185e-05 0.2298
-0.0905467 3.00031e-05 0.2299
-0.0903146 2.84916e-05 0.23
-0.0900804 2.69842e-05 0.2301
-0.0898439 2.54807e-05 0.2302
-0.0896052 2.39814e-05 0.2303
-0.0893644 2.24861e-05 0.2304
-0.0891213 2.0995e-05 0.2305
-0.0888761 1.9508e-05 0.2306
-0.0886287 1.80253e-05 0.2307
-0.0883791 1.65468e-05 0.2308
-0.0881274 1.50725e-05 0.2309
-0.0878735 1.36026e-05 0.231
-0.0876174 1.21371e-05 0.2311
-0.0873592 1.06759e-05 0.2312
-0.0870989 9.21921e-06 0.2313
-0.0868365 7.76694e-06 0.2314
-0.0865719 6.31917e-06 0.2315
-0.0863052 4.87592e-06 0.2316
-0.0860364 3.43724e-06 0.2317
-0.0857655 2.00315e-06 0.2318
-0.0854925 5.73704e-07 0.2319
-0.0852174 -8.51076e-07 0.232
-0.0849402 -2.27115e-06 0.2321
-0.084661 -3.68649e-06 0.2322
-0.0843796 -5.09706e-06 0.2323
-0.0840962 -6.50282e-06 0.2324
-0.0838108 -7.90374e-06 0.2325
-0.0835233 -9.29979e-06 0.2326
-0.0832338 -1.06909e-05 0.2327
-0.0829422 -1.20771e-05 0.2328
-0.0826486 -1.34584e-05 0.2329
-0.082353 -1.48346e-05 0.233
-0.0820554 -1.62058e-05 0.2331
-0.0817557 -1.75719e-05 0.2332
-0.0814541 -1.89328e-05 0.2333
-0.0811505 -2.02887e-05 0.2334
-0.0808449 -2.16394e-05 0.2335
-0.0805373 -2.29849e-05 0.2336
-0.0802278 -2.43251e-05 0.2337
-0.0799163 -2.56601e-05 0.2338
-0.0796028 -2.69897e-05 0.2339
-0.0792874 -2.83141e-05 0.234
-0.0789701 -2.9633e-05 0.2341
-0.0786509 -3.09466e-05 0.2342
-0.0783297 -3.22547e-05 0.2343
-0.0780066 -3.35574e-05 0.2344
-0.0776816 -3.48546e-05 0.2345
-0.0773547 -3.61463e-05 0.2346
-0.077026 -3.74324e-05 0.2347
-0.0766953 -3.87129e-05 0.2348
-0.0763628 -3.99878e-05 0.2349
-0.0760284 -4.1257e-05 0.235
-0.0756922 -4.25206e-05 0.2351
-0.0753541 -4.37785e-05 0.2352
-0.0750141 -4.50306e-05 0.2353
-0.0746724 -4.6277e-05 0.2354
-0.0743288 -4.75175e-05 0.2355
-0.0739834 -4.87523e-05 0.2356
-0.0736363 -4.99811e-05 0.2357
-0.0732873 -5.12041e-05 0.2358
-0.0729365 -5.24212e-05 0.2359
-0.072584 -5.36323e-05 0.236
-0.0722297 -5.48374e-05 0.2361
-0.0718736 -5.60366e-05 0.2362
-0.0715158 -5.72297e-05 0.2363
-0.0711562 -5.84167e-05 0.2364
-0.0707949 -5.95977e-05 0.2365
-0.0704319 -6.07725e-05 0.2366
-0.0700672 -6.19412e-05 0.2367
-0.0697007 -6.31037e-05 0.2368
-0.0693326 -6.426e-05 0.2369
-0.0689628 -6.54101e-05 0.237
-0.0685913 -6.65539e-05 0.2371
-0.0682181 -6.76914e-05 0.2372
-0.0678433 -6.88226e-05 0.2373
-0.0674668 -6.99475e-05 0.2374
-0.0670887 -7.1066e-05 0.2375
-0.0667089 -7.21781e-05 0.2376
-0.0663276 -7.32838e-05 0.2377
-0.0659446 -7.4383e-05 0.2378
-0.06556 -7.54758e-05 0.2379
-0.0651738 -7.65621e-05 0.238
-0.0647861 -7.76418e-05 0.2381
-0.0643967 -7.8715e-05 0.2382
-0.0640058 -7.97816e-05 0.2383
-0.0636134 -8.08416e-05 0.2384
-0.0632194 -8.1895e-05 0.2385
-0.0628238 -8.29417e-05 0.2386
-0.0624268 -8.39818e-05 0.2387
-0.0620282 -8.50151e-05 0.2388
-0.0616282 -8.60417e-05 0.2389
-0.0612266 -8.70616e-05 0.239
-0.0608235 -8.80747e-05 0.2391
-0.060419 -8.9081e-05 0.2392
-0.060013 -9.00804e-05 0.2393
-0.0596056 -9.10731e-05 0.2394
-0.0591967 -9.20588e-05 0.2395
-0.0587864 -9.30376e-05 0.2396
-0.0583746 -9.40096e-05 0.2397
-0.0579615 -9.49745e-05 0.2398
-0.0575469 -9.59325e-05 0.2399
-0.0571309 -9.68836e-05 0.24
-0.0567136 -9.78276e-05 0.2401
-0.0562949 -9.87646e-05 0.2402
-0.0558748 -9.96945e-05 0.2403
-0.0554534 -0.000100617 0.2404
-0.0550306 -0.000101533 0.2405
-0.0546066 -0.000102442 0.2406
-0.0541811 -0.000103343 0.2407
-0.0537544 -0.000104238 0.2408
-0.0533264 -0.000105125 0.2409
-0.0528971 -0.000106005 0.241
-0.0524665 -0.000106877 0.2411
-0.0520347 -0.000107743 0.2412
-0.0516016 -0.000108601 0.2413
-0.0511672 -0.000109452 0.2414
-0.0507316 -0.000110295 0.2415
-0.0502948 -0.000111132 0.2416
-0.0498568 -0.000111961 0.2417
-0.0494176 -0.000112782 0.2418
-0.0489772 -0.000113596 0.2419
-0.0485356 -0.000114403 0.242
-0.0480929 -0.000115202 0.2421
-0.047649 -0.000115994 0.2422
-0.0472039 -0.000116779 0.2423
-0.0467577 -0.000117555 0.2424
-0.0463104 -0.000118325 0.2425
-0.045862 -0.000119087 0.2426
-0.0454125 -0.000119841 0.2427
-0.0449619 -0.000120588 0.2428
-0.0445102 -0.000121327 0.2429
-0.0440574 -0.000122059 0.243
-0.0436036 -0.000122783 0.2431
-0.0431487 -0.000123499 0.2432
-0.0426929 -0.000124208 0.2433
-0.0422359 -0.000124909 0.2434
-0.041778 -0.000125603 0.2435
-0.0413191 -0.000126288 0.2436
-0.0408592 -0.000126966 0.2437
-0.0403983 -0.000127637 0.2438
-0.0399365 -0.000128299 0.2439
-0.0394737 -0.000128954 0.244
-0.0390099 -0.000129601 0.2441
-0.0385452 -0.000130241 0.2442
-0.0380796 -0.000130872 0.2443
-0.0376131 -0.000131496 0.2444
-0.0371458 -0.000132112 0.2445
-0.0366775 -0.00013272 0.2446
-0.0362083 -0.00013332 0.2447
-0.0357383 -0.000133912 0.2448
-0.0352675 -0.000134497 0.2449
-0.0347958 -0.000135073 0.245
-0.0343233 -0.000135642 0.2451
-0.0338499 -0.000136202 0.2452
-0.0333758 -0.000136755 0.2453
-0.0329009 -0.0001373 0.2454
-0.0324252 -0.000137837 0.2455
-0.0319487 -0.000138366 0.2456
-0.0314715 -0.000138887 0.2457
-0.0309936 -0.0001394 0.2458
-0.0305149 -0.000139904 0.2459
-0.0300355 -0.000140401 0.246
-0.0295554 -0.00014089 0.2461
-0.0290746 -0.000141371 0.2462
-0.0285931 -0.000141844 0.2463
-0.0281109 -0.000142308 0.2464
-0.0276281 -0.000142765 0.2465
-0.0271447 -0.000143214 0.2466
-0.0266606 -0.000143654 0.2467
-0.0261759 -0.000144086 0.2468
-0.0256905 -0.000144511 0.2469
-0.0252046 -0.000144927 0.247
-0.0247181 -0.000145335 0.2471
-0.0242311 -0.000145734 0.2472
-0.0237434 -0.000146126 0.2473
-0.0232552 -0.00014651 0.2474
-0.0227665 -0.000146885 0.2475
-0.0222773 -0.000147252 0.2476
-0.0217875 -0.000147611 0.2477
-0.0212973 -0.000147962 0.2478
-0.0208065 -0.000148304 0.2479
-0.0203153 -0.000148639 0.248
-0.0198236 -0.000148965 0.2481
-0.0193315 -0.000149283 0.2482
-0.0188389 -0.000149593 0.2483
-0.0183459 -0.000149894 0.2484
-0.0178525 -0.000150187 0.2485
-0.0173587 -0.000150472 0.2486
-0.0168645 -0.000150749 0.2487
-0.0163699 -0.000151018 0.2488
-0.015875 -0.000151278 0.2489
-0.0153797 -0.00015153 0.249
-0.0148841 -0.000151773 0.2491
-0.0143881 -0.000152009 0.2492
-0.0138918 -0.000152236 0.2493
-0.0133953 -0.000152455 0.2494
-0.0128984 -0.000152665 0.2495
-0.0124013 -0.000152868 0.2496
-0.0119039 -0.000153061 0.2497
-0.0114062 -0.000153247 0.2498
-0.0109083 -0.000153424 0.2499
-0.0104102 -0.000153593 0.25
-0.00991182 -0.000153754 0.2501
-0.00941328 -0.000153906 0.2502
-0.00891454 -0.000154051 0.2503
-0.00841562 -0.000154186 0.2504
-0.00791654 -0.000154314 0.2505
-0.00741731 -0.000154433 0.2506
-0.00691793 -0.000154543 0.2507
-0.00641843 -0.000154646 0.2508
-0.00591881 -0.00015474 0.2509
-0.00541909 -0.000154826 0.251
-0.00491928 -0.000154903 0.2511
-0.00441939 -0.000154972 0.2512
-0.00391943 -0.000155033 0.2513
-0.00341942 -0.000155085 0.2514
