0 0 0.0001
6.40953e-05 0 0.0002
0.000198215 1.06815e-09 0.0003
0.000395684 4.37131e-09 0.0004
0.000650456 1.0965e-08 0.0005
0.000957057 2.1804e-08 0.0006
0.00131053 3.77515e-08 0.0007
0.00170637 5.95883e-08 0.0008
0.00214051 8.80199e-08 0.0009
0.00260926 1.23684e-07 0.001
0.00310929 1.67157e-07 0.0011
0.00363754 2.1896e-07 0.0012
0.00419129 2.79561e-07 0.0013
0.00476803 3.49386e-07 0.0014
0.00536551 4.28816e-07 0.0015
0.00598167 5.18196e-07 0.0016
0.00661466 6.17837e-07 0.0017
0.00726279 7.28019e-07 0.0018
0.00792452 8.48993e-07 0.0019
0.00859847 9.80984e-07 0.002
0.00928336 1.1242e-06 0.0021
0.00997805 1.27881e-06 0.0022
0.0106815 1.44499e-06 0.0023
0.0113928 1.62287e-06 0.0024
0.012111 1.8126e-06 0.0025
0.0128353 2.01428e-06 0.0026
0.0135651 2.22801e-06 0.0027
0.0142996 2.45389e-06 0.0028
0.0150384 2.69199e-06 0.0029
0.0157808 2.94238e-06 0.003
0.0165263 3.20512e-06 0.0031
0.0172745 3.48026e-06 0.0032
0.018025 3.76785e-06 0.0033
0.0187774 4.06793e-06 0.0034
0.0195314 4.38051e-06 0.0035
0.0202865 4.70564e-06 0.0036
0.0210426 5.04332e-06 0.0037
0.0217993 5.39357e-06 0.0038
0.0225564 5.75641e-06 0.0039
0.0233137 6.13183e-06 0.004
0.0240709 6.51984e-06 0.0041
0.0248279 6.92044e-06 0.0042
0.0255845 7.33362e-06 0.0043
0.0263405 7.75938e-06 0.0044
0.0270957 8.1977e-06 0.0045
0.02785 8.64856e-06 0.0046
0.0286033 9.11196e-06 0.0047
0.0293553 9.58788e-06 0.0048
0.0301061 1.00763e-05 0.0049
0.0308555 1.05772e-05 0.005
0.0316033 1.10905e-05 0.0051
0.0323495 1.16162e-05 0.0052
0.033094 1.21544e-05 0.0053
0.0338367 1.27049e-05 0.0054
0.0345774 1.32677e-05 0.0055
0.0353162 1.38428e-05 0.0056
0.0360529 1.44302e-05 0.0057
0.0367874 1.50298e-05 0.0058
0.0375198 1.56416e-05 0.0059
0.0382498 1.62656e-05 0.006
0.0389774 1.69017e-05 0.0061
0.0397027 1.75498e-05 0.0062
0.0404254 1.821e-05 0.0063
0.0411455 1.88822e-05 0.0064
0.0418631 1.95663e-05 0.0065
0.0425779 2.02623e-05 0.0066
0.0432901 2.09702e-05 0.0067
0.0439994 2.16899e-05 0.0068
0.0447059 2.24213e-05 0.0069
0.0454094 2.31645e-05 0.007
0.04611 2.39193e-05 0.0071
0.0468076 2.46857e-05 0.0072
0.0475022 2.54637e-05 0.0073
0.0481936 2.62532e-05 0.0074
0.0488819 2.70542e-05 0.0075
0.0495669 2.78665e-05 0.0076
0.0502487 2.86903e-05 0.0077
0.0509272 2.95253e-05 0.0078
0.0516023 3.03715e-05 0.0079
0.052274 3.12289e-05 0.008
0.0529423 3.20975e-05 0.0081
0.0536071 3.29771e-05 0.0082
0.0542683 3.38677e-05 0.0083
0.054926 3.47692e-05 0.0084
0.05558 3.56817e-05 0.0085
0.0562304 3.6605e-05 0.0086
0.056877 3.7539e-05 0.0087
0.0575199 3.84837e-05 0.0088
0.058159 3.94391e-05 0.0089
0.0587942 4.0405e-05 0.009
0.0594256 4.13814e-05 0.0091
0.060053 4.23683e-05 0.0092
0.0606765 4.33656e-05 0.0093
0.061296 4.43731e-05 0.0094
0.0619114 4.53909e-05 0.0095
0.0625227 4.64189e-05 0.0096
0.0631299 4.7457e-05 0.0097
0.063733 4.85051e-05 0.0098
0.0643318 4.95632e-05 0.0099
0.0649264 5.06311e-05 0.01
0.0655167 5.17089e-05 0.0101
0.0661027 5.27964e-05 0.0102
0.0666844 5.38936e-05 0.0103
0.0672616 5.50004e-05 0.0104
0.0678344 5.61168e-05 0.0105
0.0684027 5.72425e-05 0.0106
0.0689666 5.83777e-05 0.0107
0.0695258 5.95222e-05 0.0108
0.0700805 6.06759e-05 0.0109
0.0706306 6.18387e-05 0.011
0.0711761 6.30106e-05 0.0111
0.0717168 6.41915e-05 0.0112
0.0722529 6.53813e-05 0.0113
0.0727842 6.658e-05 0.0114
0.0733107 6.77874e-05 0.0115
0.0738323 6.90034e-05 0.0116
0.0743492 7.02281e-05 0.0117
0.0748611 7.14613e-05 0.0118
0.0753681 7.27029e-05 0.0119
0.0758702 7.39528e-05 0.012
0.0763672 7.5211e-05 0.0121
0.0768593 7.64774e-05 0.0122
0.0773463 7.77519e-05 0.0123
0.0778282 7.90344e-05 0.0124
0.078305 8.03248e-05 0.0125
0.0787767 8.16231e-05 0.0126
0.0792432 8.29291e-05 0.0127
0.0797045 8.42428e-05 0.0128
0.0801606 8.5564e-05 0.0129
0.0806114 8.68928e-05 0.013
0.0810569 8.82289e-05 0.0131
0.0814971 8.95724e-05 0.0132
0.081932 9.09231e-05 0.0133
0.0823615 9.22809e-05 0.0134
0.0827856 9.36458e-05 0.0135
0.0832042 9.50176e-05 0.0136
0.0836174 9.63963e-05 0.0137
0.0840252 9.77817e-05 0.0138
0.0844274 9.91739e-05 0.0139
0.0848241 0.000100573 0.014
0.0852152 0.000101978 0.0141
0.0856007 0.000103389 0.0142
0.0859807 0.000104807 0.0143
0.086355 0.000106231 0.0144
0.0867236 0.000107662 0.0145
0.0870866 0.000109098 0.0146
0.0874438 0.00011054 0.0147
0.0877954 0.000111988 0.0148
0.0881412 0.000113442 0.0149
0.0884812 0.000114901 0.015
0.0888154 0.000116366 0.0151
0.0891438 0.000117837 0.0152
0.0894664 0.000119313 0.0153
0.0897831 0.000120794 0.0154
0.090094 0.00012228 0.0155
0.0903989 0.000123771 0.0156
0.090698 0.000125267 0.0157
0.0909911 0.000126768 0.0158
0.0912782 0.000128274 0.0159
0.0915594 0.000129784 0.016
0.0918346 0.000131299 0.0161
0.0921038 0.000132819 0.0162
0.0923669 0.000134343 0.0163
0.0926241 0.000135871 0.0164
0.0928751 0.000137403 0.0165
0.0931201 0.000138939 0.0166
0.093359 0.00014048 0.0167
0.0935918 0.000142024 0.0168
0.0938185 0.000143572 0.0169
0.0940391 0.000145123 0.017
0.0942535 0.000146678 0.0171
0.0944617 0.000148237 0.0172
0.0946638 0.000149799 0.0173
0.0948596 0.000151364 0.0174
0.0950493 0.000152932 0.0175
0.0952328 0.000154503 0.0176
0.09541 0.000156077 0.0177
0.095581 0.000157654 0.0178
0.0957458 0.000159234 0.0179
0.0959043 0.000160817 0.018
0.0960566 0.000162401 0.0181
0.0962025 0.000163989 0.0182
0.0963422 0.000165578 0.0183
0.0964756 0.00016717 0.0184
0.0966027 0.000168764 0.0185
0.0967235 0.00017036 0.0186
0.0968379 0.000171957 0.0187
0.0969461 0.000173557 0.0188
0.0970479 0.000175158 0.0189
0.0971433 0.000176761 0.019
0.0972324 0.000178365 0.0191
0.0973152 0.00017997 0.0192
0.0973916 0.000181577 0.0193
0.0974616 0.000183185 0.0194
0.0975253 0.000184794 0.0195
0.0975826 0.000186404 0.0196
0.0976336 0.000188014 0.0197
0.0976781 0.000189626 0.0198
0.0977163 0.000191238 0.0199
0.0977481 0.00019285 0.02
0.0977735 0.000194463 0.0201
0.0977926 0.000196076 0.0202
0.0978052 0.00019769 0.0203
0.0978115 0.000199303 0.0204
0.0978113 0.000200917 0.0205
0.0978048 0.00020253 0.0206
0.0977919 0.000204143 0.0207
0.0977726 0.000205756 0.0208
0.097747 0.000207368 0.0209
0.0977149 0.00020898 0.021
0.0976765 0.000210591 0.0211
0.0976317 0.000212201 0.0212
0.0975805 0.00021381 0.0213
0.0975229 0.000215419 0.0214
0.097459 0.000217026 0.0215
0.0973887 0.000218632 0.0216
0.097312 0.000220237 0.0217
0.097229 0.00022184 0.0218
0.0971396 0.000223442 0.0219
0.0970439 0.000225042 0.022
0.0969419 0.00022664 0.0221
0.0968335 0.000228237 0.0222
0.0967188 0.000229832 0.0223
0.0965978 0.000231425 0.0224
0.0964705 0.000233015 0.0225
0.0963368 0.000234603 0.0226
0.0961969 0.000236189 0.0227
0.0960507 0.000237773 0.0228
0.0958982 0.000239354 0.0229
0.0957395 0.000240932 0.023
0.0955745 0.000242507 0.0231
0.0954033 0.00024408 0.0232
0.0952258 0.000245649 0.0233
0.0950421 0.000247216 0.0234
0.0948522 0.000248779 0.0235
0.0946561 0.000250339 0.0236
0.0944538 0.000251896 0.0237
0.0942454 0.000253449 0.0238
0.0940308 0.000254998 0.0239
0.09381 0.000256544 0.024
0.0935831 0.000258086 0.0241
0.0933501 0.000259624 0.0242
0.093111 0.000261158 0.0243
0.0928658 0.000262688 0.0244
0.0926146 0.000264214 0.0245
0.0923572 0.000265735 0.0246
0.0920939 0.000267252 0.0247
0.0918245 0.000268764 0.0248
0.0915491 0.000270272 0.0249
0.0912678 0.000271775 0.025
0.0909805 0.000273274 0.0251
0.0906872 0.000274767 0.0252
0.090388 0.000276256 0.0253
0.0900829 0.000277739 0.0254
0.0897719 0.000279217 0.0255
0.089455 0.00028069 0.0256
0.0891323 0.000282157 0.0257
0.0888037 0.000283619 0.0258
0.0884693 0.000285075 0.0259
0.0881292 0.000286526 0.026
0.0877833 0.000287971 0.0261
0.0874316 0.00028941 0.0262
0.0870742 0.000290843 0.0263
0.0867111 0.000292269 0.0264
0.0863424 0.00029369 0.0265
0.085968 0.000295105 0.0266
0.0855879 0.000296513 0.0267
0.0852023 0.000297914 0.0268
0.0848111 0.000299309 0.0269
0.0844143 0.000300698 0.027
0.084012 0.000302079 0.0271
0.0836042 0.000303454 0.0272
0.0831909 0.000304822 0.0273
0.0827722 0.000306183 0.0274
0.082348 0.000307537 0.0275
0.0819185 0.000308884 0.0276
0.0814835 0.000310223 0.0277
0.0810433 0.000311555 0.0278
0.0805977 0.00031288 0.0279
0.0801469 0.000314197 0.028
0.0796908 0.000315507 0.0281
0.0792294 0.000316808 0.0282
0.0787629 0.000318102 0.0283
0.0782912 0.000319388 0.0284
0.0778144 0.000320666 0.0285
0.0773324 0.000321936 0.0286
0.0768454 0.000323198 0.0287
0.0763534 0.000324452 0.0288
0.0758563 0.000325697 0.0289
0.0753543 0.000326934 0.029
0.0748473 0.000328163 0.0291
0.0743354 0.000329383 0.0292
0.0738186 0.000330594 0.0293
0.073297 0.000331797 0.0294
0.0727705 0.000332991 0.0295
0.0722393 0.000334176 0.0296
0.0717033 0.000335352 0.0297
0.0711626 0.000336519 0.0298
0.0706172 0.000337677 0.0299
0.0700672 0.000338825 0.03
0.0695126 0.000339965 0.0301
0.0689534 0.000341095 0.0302
0.0683896 0.000342216 0.0303
0.0678214 0.000343327 0.0304
0.0672487 0.000344428 0.0305
0.0666716 0.00034552 0.0306
0.06609 0.000346603 0.0307
0.0655042 0.000347675 0.0308
0.064914 0.000348738 0.0309
0.0643195 0.000349791 0.031
0.0637208 0.000350833 0.0311
0.0631179 0.000351866 0.0312
0.0625108 0.000352889 0.0313
0.0618996 0.000353901 0.0314
0.0612843 0.000354903 0.0315
0.060665 0.000355895 0.0316
0.0600416 0.000356876 0.0317
0.0594143 0.000357847 0.0318
0.0587831 0.000358807 0.0319
0.0581479 0.000359757 0.032
0.057509 0.000360696 0.0321
0.0568662 0.000361624 0.0322
0.0562197 0.000362542 0.0323
0.0555694 0.000363449 0.0324
0.0549155 0.000364344 0.0325
0.0542579 0.000365229 0.0326
0.0535967 0.000366103 0.0327
0.052932 0.000366966 0.0328
0.0522638 0.000367817 0.0329
0.0515921 0.000368657 0.033
0.0509169 0.000369487 0.0331
0.0502384 0.000370304 0.0332
0.0495566 0.000371111 0.0333
0.0488714 0.000371906 0.0334
0.048183 0.000372689 0.0335
0.0474914 0.000373461 0.0336
0.0467966 0.000374221 0.0337
0.0460988 0.00037497 0.0338
0.0453978 0.000375707 0.0339
0.0446938 0.000376432 0.034
0.0439868 0.000377146 0.0341
0.0432769 0.000377847 0.0342
0.0425641 0.000378537 0.0343
0.0418485 0.000379215 0.0344
0.04113 0.000379881 0.0345
0.0404088 0.000380534 0.0346
0.0396849 0.000381176 0.0347
0.0389583 0.000381806 0.0348
0.0382291 0.000382423 0.0349
0.0374973 0.000383028 0.035
0.0367631 0.000383621 0.0351
0.0360263 0.000384202 0.0352
0.0352871 0.00038477 0.0353
0.0345455 0.000385326 0.0354
0.0338016 0.00038587 0.0355
0.0330554 0.000386401 0.0356
0.032307 0.00038692 0.0357
0.0315564 0.000387426 0.0358
0.0308036 0.000387919 0.0359
0.0300487 0.0003884 0.036
0.0292918 0.000388869 0.0361
0.0285329 0.000389325 0.0362
0.0277721 0.000389768 0.0363
0.0270093 0.000390198 0.0364
0.0262447 0.000390616 0.0365
0.0254783 0.00039102 0.0366
0.0247102 0.000391412 0.0367
0.0239403 0.000391792 0.0368
0.0231688 0.000392158 0.0369
0.0223957 0.000392511 0.037
0.021621 0.000392852 0.0371
0.0208448 0.000393179 0.0372
0.0200672 0.000393494 0.0373
0.0192881 0.000393796 0.0374
0.0185077 0.000394084 0.0375
0.017726 0.00039436 0.0376
0.016943 0.000394622 0.0377
0.0161589 0.000394872 0.0378
0.0153735 0.000395108 0.0379
0.0145871 0.000395332 0.038
0.0137996 0.000395542 0.0381
0.0130111 0.000395739 0.0382
0.0122217 0.000395923 0.0383
0.0114313 0.000396093 0.0384
0.0106401 0.000396251 0.0385
0.00984808 0.000396395 0.0386
0.00905532 0.000396526 0.0387
0.00826185 0.000396644 0.0388
0.00746774 0.000396749 0.0389
0.00667302 0.00039684 0.039
0.00587776 0.000396918 0.0391
0.005082 0.000396983 0.0392
0.00428579 0.000397035 0.0393
0.00348918 0.000397073 0.0394
0.00269223 0.000397098 0.0395
0.00189499 0.00039711 0.0396
0.0010975 0.000397108 0.0397
0.000299825 0.000397094 0.0398
-0.000497994 0.000397065 0.0399
-0.0012959 0.000397024 0.04
-0.00209385 0.000396969 0.0401
-0.00289178 0.000396901 0.0402
-0.00368966 0.00039682 0.0403
-0.00448741 0.000396726 0.0404
-0.005285 0.000396618 0.0405
-0.00608237 0.000396497 0.0406
-0.00687948 0.000396362 0.0407
-0.00767627 0.000396215 0.0408
-0.00847268 0.000396054 0.0409
-0.00926868 0.000395879 0.041
-0.0100642 0.000395692 0.0411
-0.0108592 0.000395491 0.0412
-0.0116536 0.000395277 0.0413
-0.0124474 0.00039505 0.0414
-0.0132406 0.00039481 0.0415
-0.014033 0.000394556 0.0416
-0.0148246 0.00039429 0.0417
-0.0156154 0.00039401 0.0418
-0.0164053 0.000393717 0.0419
-0.0171943 0.00039341 0.042
-0.0179823 0.000393091 0.0421
-0.0187693 0.000392759 0.0422
-0.0195552 0.000392413 0.0423
-0.0203399 0.000392054 0.0424
-0.0211235 0.000391683 0.0425
-0.0219059 0.000391298 0.0426
-0.0226869 0.000390901 0.0427
-0.0234667 0.00039049 0.0428
-0.024245 0.000390066 0.0429
-0.025022 0.00038963 0.043
-0.0257974 0.00038918 0.0431
-0.0265713 0.000388718 0.0432
-0.0273437 0.000388243 0.0433
-0.0281144 0.000387755 0.0434
-0.0288834 0.000387254 0.0435
-0.0296507 0.00038674 0.0436
-0.0304162 0.000386214 0.0437
-0.0311799 0.000385675 0.0438
-0.0319417 0.000385123 0.0439
-0.0327016 0.000384559 0.044
-0.0334596 0.000383982 0.0441
-0.0342155 0.000383392 0.0442
-0.0349693 0.00038279 0.0443
-0.035721 0.000382175 0.0444
-0.0364706 0.000381548 0.0445
-0.0372179 0.000380908 0.0446
-0.037963 0.000380257 0.0447
-0.0387058 0.000379592 0.0448
-0.0394462 0.000378916 0.0449
-0.0401842 0.000378227 0.045
-0.0409197 0.000377525 0.0451
-0.0416528 0.000376812 0.0452
-0.0423833 0.000376086 0.0453
-0.0431112 0.000375349 0.0454
-0.0438365 0.000374599 0.0455
-0.0445591 0.000373837 0.0456
-0.0452789 0.000373064 0.0457
-0.045996 0.000372278 0.0458
-0.0467103 0.00037148 0.0459
-0.0474216 0.000370671 0.046
-0.0481301 0.00036985 0.0461
-0.0488356 0.000369017 0.0462
-0.0495381 0.000368172 0.0463
-0.0502376 0.000367316 0.0464
-0.0509339 0.000366448 0.0465
-0.0516271 0.000365569 0.0466
-0.0523172 0.000364678 0.0467
-0.053004 0.000363776 0.0468
-0.0536875 0.000362862 0.0469
-0.0543677 0.000361937 0.047
-0.0550446 0.000361001 0.0471
-0.055718 0.000360054 0.0472
-0.056388 0.000359095 0.0473
-0.0570545 0.000358126 0.0474
-0.0577175 0.000357145 0.0475
-0.0583769 0.000356153 0.0476
-0.0590327 0.000355151 0.0477
-0.0596849 0.000354137 0.0478
-0.0603333 0.000353113 0.0479
-0.060978 0.000352078 0.048
-0.0616189 0.000351033 0.0481
-0.062256 0.000349977 0.0482
-0.0628892 0.00034891 0.0483
-0.0635185 0.000347833 0.0484
-0.0641438 0.000346745 0.0485
-0.0647652 0.000345647 0.0486
-0.0653826 0.000344539 0.0487
-0.0659959 0.000343421 0.0488
-0.066605 0.000342293 0.0489
-0.0672101 0.000341154 0.049
-0.0678109 0.000340006 0.0491
-0.0684076 0.000338847 0.0492
-0.0689999 0.000337679 0.0493
-0.069588 0.000336501 0.0494
-0.0701717 0.000335313 0.0495
-0.0707511 0.000334116 0.0496
-0.0713261 0.000332909 0.0497
-0.0718966 0.000331693 0.0498
-0.0724626 0.000330467 0.0499
-0.0730241 0.000329232 0.05
-0.0735811 0.000327987 0.0501
-0.0741334 0.000326734 0.0502
-0.0746812 0.000325471 0.0503
-0.0752243 0.000324199 0.0504
-0.0757626 0.000322919 0.0505
-0.0762963 0.000321629 0.0506
-0.0768252 0.000320331 0.0507
-0.0773493 0.000319024 0.0508
-0.0778685 0.000317708 0.0509
-0.0783829 0.000316384 0.051
-0.0788924 0.000315052 0.0511
-0.079397 0.000313711 0.0512
-0.0798966 0.000312361 0.0513
-0.0803912 0.000311004 0.0514
-0.0808807 0.000309638 0.0515
-0.0813652 0.000308264 0.0516
-0.0818447 0.000306883 0.0517
-0.082319 0.000305493 0.0518
-0.0827881 0.000304096 0.0519
-0.0832521 0.000302691 0.052
-0.0837109 0.000301278 0.0521
-0.0841644 0.000299858 0.0522
-0.0846127 0.000298431 0.0523
-0.0850556 0.000296996 0.0524
-0.0854933 0.000295554 0.0525
-0.0859255 0.000294104 0.0526
-0.0863524 0.000292648 0.0527
-0.0867739 0.000291184 0.0528
-0.08719 0.000289714 0.0529
-0.0876006 0.000288237 0.053
-0.0880057 0.000286753 0.0531
-0.0884053 0.000285262 0.0532
-0.0887993 0.000283765 0.0533
-0.0891878 0.000282262 0.0534
-0.0895707 0.000280752 0.0535
-0.089948 0.000279236 0.0536
-0.0903196 0.000277714 0.0537
-0.0906856 0.000276185 0.0538
-0.0910459 0.000274651 0.0539
-0.0914004 0.000273111 0.054
-0.0917493 0.000271565 0.0541
-0.0920924 0.000270013 0.0542
-0.0924297 0.000268456 0.0543
-0.0927612 0.000266893 0.0544
-0.0930869 0.000265325 0.0545
-0.0934068 0.000263752 0.0546
-0.0937207 0.000262173 0.0547
-0.0940289 0.00026059 0.0548
-0.0943311 0.000259001 0.0549
-0.0946274 0.000257407 0.055
-0.0949177 0.000255809 0.0551
-0.0952021 0.000254206 0.0552
-0.0954805 0.000252598 0.0553
-0.095753 0.000250986 0.0554
-0.0960194 0.000249369 0.0555
-0.0962798 0.000247748 0.0556
-0.0965341 0.000246123 0.0557
-0.0967824 0.000244494 0.0558
-0.0970246 0.000242861 0.0559
-0.0972607 0.000241223 0.056
-0.0974907 0.000239582 0.0561
-0.0977146 0.000237938 0.0562
-0.0979323 0.00023629 0.0563
-0.0981439 0.000234638 0.0564
-0.0983493 0.000232983 0.0565
-0.0985486 0.000231324 0.0566
-0.0987416 0.000229663 0.0567
-0.0989285 0.000227998 0.0568
-0.0991091 0.00022633 0.0569
-0.0992836 0.00022466 0.057
-0.0994517 0.000222987 0.0571
-0.0996137 0.000221311 0.0572
-0.0997693 0.000219632 0.0573
-0.0999187 0.000217951 0.0574
-0.100062 0.000216268 0.0575
-0.100199 0.000214582 0.0576
-0.100329 0.000212895 0.0577
-0.100453 0.000211205 0.0578
-0.100571 0.000209513 0.0579
-0.100683 0.00020782 0.058
-0.100788 0.000206125 0.0581
-0.100887 0.000204428 0.0582
-0.10098 0.000202729 0.0583
-0.101066 0.00020103 0.0584
-0.101146 0.000199329 0.0585
-0.101219 0.000197626 0.0586
-0.101287 0.000195923 0.0587
-0.101347 0.000194219 0.0588
-0.101402 0.000192514 0.0589
-0.10145 0.000190808 0.059
-0.101492 0.000189101 0.0591
-0.101527 0.000187394 0.0592
-0.101556 0.000185687 0.0593
-0.101578 0.000183979 0.0594
-0.101595 0.000182271 0.0595
-0.101604 0.000180562 0.0596
-0.101608 0.000178854 0.0597
-0.101605 0.000177146 0.0598
-0.101595 0.000175438 0.0599
-0.10158 0.00017373 0.06
-0.101557 0.000172023 0.0601
-0.101529 0.000170316 0.0602
-0.101494 0.00016861 0.0603
-0.101453 0.000166904 0.0604
-0.101405 0.0001652 0.0605
-0.101351 0.000163496 0.0606
-0.10129 0.000161793 0.0607
-0.101224 0.000160092 0.0608
-0.101151 0.000158392 0.0609
-0.101071 0.000156693 0.061
-0.100985 0.000154995 0.0611
-0.100893 0.0001533 0.0612
-0.100794 0.000151606 0.0613
-0.100689 0.000149913 0.0614
-0.100578 0.000148223 0.0615
-0.100461 0.000146534 0.0616
-0.100337 0.000144848 0.0617
-0.100207 0.000143164 0.0618
-0.10007 0.000141482 0.0619
-0.0999274 0.000139802 0.062
-0.0997784 0.000138125 0.0621
-0.0996231 0.000136451 0.0622
-0.0994615 0.000134779 0.0623
-0.0992937 0.000133111 0.0624
-0.0991196 0.000131445 0.0625
-0.0989394 0.000129782 0.0626
-0.0987529 0.000128122 0.0627
-0.0985601 0.000126466 0.0628
-0.0983612 0.000124813 0.0629
-0.0981562 0.000123163 0.063
-0.0979449 0.000121517 0.0631
-0.0977275 0.000119875 0.0632
-0.097504 0.000118236 0.0633
-0.0972743 0.000116602 0.0634
-0.0970385 0.000114971 0.0635
-0.0967966 0.000113344 0.0636
-0.0965487 0.000111722 0.0637
-0.0962946 0.000110103 0.0638
-0.0960346 0.000108489 0.0639
-0.0957685 0.00010688 0.064
-0.0954963 0.000105275 0.0641
-0.0952182 0.000103675 0.0642
-0.0949341 0.000102079 0.0643
-0.0946441 0.000100489 0.0644
-0.0943481 9.89031e-05 0.0645
-0.0940462 9.73225e-05 0.0646
-0.0937383 9.57471e-05 0.0647
-0.0934246 9.4177e-05 0.0648
-0.093105 9.26122e-05 0.0649
-0.0927796 9.10529e-05 0.065
-0.0924484 8.94992e-05 0.0651
-0.0921113 8.79511e-05 0.0652
-0.0917685 8.64087e-05 0.0653
-0.0914199 8.48722e-05 0.0654
-0.0910656 8.33416e-05 0.0655
-0.0907055 8.1817e-05 0.0656
-0.0903398 8.02986e-05 0.0657
-0.0899684 7.87864e-05 0.0658
-0.0895914 7.72805e-05 0.0659
-0.0892087 7.5781e-05 0.066
-0.0888204 7.42881e-05 0.0661
-0.0884266 7.28017e-05 0.0662
-0.0880272 7.1322e-05 0.0663
-0.0876223 6.98491e-05 0.0664
-0.0872119 6.8383e-05 0.0665
-0.0867961 6.69239e-05 0.0666
-0.0863748 6.54719e-05 0.0667
-0.0859481 6.4027e-05 0.0668
-0.085516 6.25893e-05 0.0669
-0.0850785 6.1159e-05 0.067
-0.0846357 5.97361e-05 0.0671
-0.0841876 5.83206e-05 0.0672
-0.0837343 5.69128e-05 0.0673
-0.0832757 5.55126e-05 0.0674
-0.0828118 5.41202e-05 0.0675
-0.0823428 5.27356e-05 0.0676
-0.0818686 5.1359e-05 0.0677
-0.0813893 4.99904e-05 0.0678
-0.0809049 4.86299e-05 0.0679
-0.0804155 4.72775e-05 0.068
-0.079921 4.59335e-05 0.0681
-0.0794215 4.45978e-05 0.0682
-0.078917 4.32705e-05 0.0683
-0.0784076 4.19517e-05 0.0684
-0.0778933 4.06416e-05 0.0685
-0.0773741 3.93401e-05 0.0686
-0.0768501 3.80474e-05 0.0687
-0.0763213 3.67635e-05 0.0688
-0.0757877 3.54885e-05 0.0689
-0.0752494 3.42226e-05 0.069
-0.0747063 3.29657e-05 0.0691
-0.0741586 3.1718e-05 0.0692
-0.0736063 3.04795e-05 0.0693
-0.0730494 2.92503e-05 0.0694
-0.0724879 2.80305e-05 0.0695
-0.0719218 2.68201e-05 0.0696
-0.0713513 2.56193e-05 0.0697
-0.0707764 2.44281e-05 0.0698
-0.070197 2.32466e-05 0.0699
-0.0696132 2.20748e-05 0.07
-0.0690251 2.09129e-05 0.0701
-0.0684327 1.97608e-05 0.0702
-0.067836 1.86188e-05 0.0703
-0.0672351 1.74867e-05 0.0704
-0.06663 1.63648e-05 0.0705
-0.0660207 1.5253e-05 0.0706
-0.0654074 1.41515e-05 0.0707
-0.0647899 1.30603e-05 0.0708
-0.0641685 1.19795e-05 0.0709
-0.063543 1.09092e-05 0.071
-0.0629136 9.8493e-06 0.0711
-0.0622803 8.80002e-06 0.0712
-0.0616431 7.76139e-06 0.0713
-0.061002 6.73346e-06 0.0714
-0.0603572 5.7163e-06 0.0715
-0.0597086 4.70997e-06 0.0716
-0.0590563 3.71454e-06 0.0717
-0.0584003 2.73005e-06 0.0718
-0.0577408 1.75658e-06 0.0719
-0.0570776 7.94187e-07 0.072
-0.0564109 -1.57077e-07 0.0721
-0.0557407 -1.09715e-06 0.0722
-0.055067 -2.02598e-06 0.0723
-0.0543899 -2.9435e-06 0.0724
-0.0537095 -3.84966e-06 0.0725
-0.0530257 -4.74441e-06 0.0726
-0.0523387 -5.62769e-06 0.0727
-0.0516484 -6.49945e-06 0.0728
-0.0509549 -7.35963e-06 0.0729
-0.0502583 -8.20818e-06 0.073
-0.0495585 -9.04505e-06 0.0731
-0.0488558 -9.87019e-06 0.0732
-0.0481499 -1.06835e-05 0.0733
-0.0474412 -1.14851e-05 0.0734
-0.0467295 -1.22747e-05 0.0735
-0.0460149 -1.30524e-05 0.0736
-0.0452975 -1.38182e-05 0.0737
-0.0445773 -1.45719e-05 0.0738
-0.0438543 -1.53136e-05 0.0739
-0.0431287 -1.60431e-05 0.074
-0.0424004 -1.67606e-05 0.0741
-0.0416695 -1.74658e-05 0.0742
-0.040936 -1.81587e-05 0.0743
-0.0402001 -1.88394e-05 0.0744
-0.0394617 -1.95078e-05 0.0745
-0.0387208 -2.01638e-05 0.0746
-0.0379776 -2.08074e-05 0.0747
-0.0372321 -2.14385e-05 0.0748
-0.0364843 -2.20572e-05 0.0749
-0.0357343 -2.26634e-05 0.075
-0.0349821 -2.3257e-05 0.0751
-0.0342278 -2.38381e-05 0.0752
-0.0334714 -2.44065e-05 0.0753
-0.032713 -2.49623e-05 0.0754
-0.0319526 -2.55053e-05 0.0755
-0.0311902 -2.60357e-05 0.0756
-0.030426 -2.65533e-05 0.0757
-0.02966 -2.70582e-05 0.0758
-0.0288921 -2.75502e-05 0.0759
-0.0281225 -2.80294e-05 0.076
-0.0273512 -2.84957e-05 0.0761
-0.0265783 -2.89491e-05 0.0762
-0.0258038 -2.93896e-05 0.0763
-0.0250278 -2.98172e-05 0.0764
-0.0242502 -3.02318e-05 0.0765
-0.0234712 -3.06334e-05 0.0766
-0.0226909 -3.1022e-05 0.0767
-0.0219092 -3.13976e-05 0.0768
-0.0211262 -3.17601e-05 0.0769
-0.0203419 -3.21095e-05 0.077
-0.0195565 -3.24458e-05 0.0771
-0.0187699 -3.2769e-05 0.0772
-0.0179822 -3.30791e-05 0.0773
-0.0171935 -3.3376e-05 0.0774
-0.0164038 -3.36598e-05 0.0775
-0.0156132 -3.39303e-05 0.0776
-0.0148217 -3.41877e-05 0.0777
-0.0140293 -3.44319e-05 0.0778
-0.0132361 -3.46628e-05 0.0779
-0.0124423 -3.48805e-05 0.078
-0.0116477 -3.50849e-05 0.0781
-0.0108525 -3.52761e-05 0.0782
-0.0100567 -3.5454e-05 0.0783
-0.00926036 -3.56187e-05 0.0784
-0.00846355 -3.577e-05 0.0785
-0.00766631 -3.59081e-05 0.0786
-0.00686869 -3.60328e-05 0.0787
-0.00607074 -3.61443e-05 0.0788
-0.00527251 -3.62425e-05 0.0789
-0.00447405 -3.63273e-05 0.079
-0.00367542 -3.63989e-05 0.0791
-0.00287667 -3.64571e-05 0.0792
-0.00207784 -3.6502e-05 0.0793
-0.00127898 -3.65336e-05 0.0794
-0.000480156 -3.65518e-05 0.0795
0.00031859 -3.65568e-05 0.0796
0.00111721 -3.65484e-05 0.0797
0.00191564 -3.65268e-05 0.0798
0.00271384 -3.64918e-05 0.0799
0.00351176 -3.64435e-05 0.08
0.00430934 -3.6382e-05 0.0801
0.00510654 -3.63071e-05 0.0802
0.0059033 -3.6219e-05 0.0803
0.00669958 -3.61176e-05 0.0804
0.00749531 -3.60029e-05 0.0805
0.00829046 -3.5875e-05 0.0806
0.00908496 -3.57339e-05 0.0807
0.00987878 -3.55795e-05 0.0808
0.0106718 -3.54119e-05 0.0809
0.0114641 -3.52311e-05 0.081
0.0122556 -3.50371e-05 0.0811
0.0130461 -3.483e-05 0.0812
0.0138357 -3.46096e-05 0.0813
0.0146243 -3.43762e-05 0.0814
0.0154119 -3.41296e-05 0.0815
0.0161983 -3.38699e-05 0.0816
0.0169836 -3.35972e-05 0.0817
0.0177678 -3.33113e-05 0.0818
0.0185506 -3.30125e-05 0.0819
0.0193322 -3.27006e-05 0.082
0.0201124 -3.23757e-05 0.0821
0.0208913 -3.20378e-05 0.0822
0.0216687 -3.1687e-05 0.0823
0.0224446 -3.13232e-05 0.0824
0.0232189 -3.09466e-05 0.0825
0.0239916 -3.0557e-05 0.0826
0.0247628 -3.01547e-05 0.0827
0.0255322 -2.97395e-05 0.0828
0.0262998 -2.93115e-05 0.0829
0.0270657 -2.88708e-05 0.083
0.0278297 -2.84173e-05 0.0831
0.0285919 -2.79512e-05 0.0832
0.0293521 -2.74724e-05 0.0833
0.0301103 -2.69809e-05 0.0834
0.0308665 -2.64769e-05 0.0835
0.0316206 -2.59603e-05 0.0836
0.0323726 -2.54312e-05 0.0837
0.0331223 -2.48896e-05 0.0838
0.0338699 -2.43355e-05 0.0839
0.0346152 -2.3769e-05 0.084
0.0353581 -2.31902e-05 0.0841
0.0360987 -2.2599e-05 0.0842
0.0368369 -2.19956e-05 0.0843
0.0375726 -2.13798e-05 0.0844
0.0383058 -2.07519e-05 0.0845
0.0390364 -2.01118e-05 0.0846
0.0397644 -1.94596e-05 0.0847
0.0404898 -1.87953e-05 0.0848
0.0412124 -1.8119e-05 0.0849
0.0419324 -1.74307e-05 0.085
0.0426495 -1.67304e-05 0.0851
0.0433638 -1.60183e-05 0.0852
0.0440752 -1.52943e-05 0.0853
0.0447837 -1.45585e-05 0.0854
0.0454892 -1.38109e-05 0.0855
0.0461916 -1.30517e-05 0.0856
0.046891 -1.22808e-05 0.0857
0.0475874 -1.14984e-05 0.0858
0.0482805 -1.07044e-05 0.0859
0.0489705 -9.89889e-06 0.086
0.0496572 -9.08198e-06 0.0861
0.0503406 -8.25368e-06 0.0862
0.0510207 -7.41407e-06 0.0863
0.0516974 -6.56319e-06 0.0864
0.0523707 -5.70111e-06 0.0865
0.0530406 -4.82787e-06 0.0866
0.0537069 -3.94355e-06 0.0867
0.0543697 -3.0482e-06 0.0868
0.0550289 -2.14187e-06 0.0869
0.0556845 -1.22463e-06 0.087
0.0563364 -2.9655e-07 0.0871
0.0569846 6.42321e-07 0.0872
0.0576291 1.59192e-06 0.0873
0.0582697 2.55217e-06 0.0874
0.0589065 3.52302e-06 0.0875
0.0595394 4.50441e-06 0.0876
0.0601685 5.49626e-06 0.0877
0.0607935 6.49851e-06 0.0878
0.0614146 7.51109e-06 0.0879
0.0620316 8.53394e-06 0.088
0.0626445 9.56698e-06 0.0881
0.0632533 1.06102e-05 0.0882
0.063858 1.16634e-05 0.0883
0.0644585 1.27266e-05 0.0884
0.0650547 1.37997e-05 0.0885
0.0656467 1.48827e-05 0.0886
0.0662343 1.59755e-05 0.0887
0.0668177 1.7078e-05 0.0888
0.0673966 1.81901e-05 0.0889
0.0679711 1.93117e-05 0.089
0.0685411 2.04428e-05 0.0891
0.0691067 2.15834e-05 0.0892
0.0696677 2.27332e-05 0.0893
0.0702242 2.38923e-05 0.0894
0.070776 2.50606e-05 0.0895
0.0713233 2.6238e-05 0.0896
0.0718658 2.74245e-05 0.0897
0.0724036 2.86198e-05 0.0898
0.0729368 2.9824e-05 0.0899
0.0734651 3.1037e-05 0.09
0.0739886 3.22587e-05 0.0901
0.0745073 3.34891e-05 0.0902
0.0750211 3.4728e-05 0.0903
0.07553 3.59753e-05 0.0904
0.0760339 3.7231e-05 0.0905
0.0765329 3.8495e-05 0.0906
0.0770269 3.97672e-05 0.0907
0.0775158 4.10475e-05 0.0908
0.0779997 4.23359e-05 0.0909
0.0784784 4.36323e-05 0.091
0.0789521 4.49365e-05 0.0911
0.0794205 4.62485e-05 0.0912
0.0798838 4.75682e-05 0.0913
0.0803419 4.88955e-05 0.0914
0.0807947 5.02303e-05 0.0915
0.0812423 5.15725e-05 0.0916
0.0816845 5.29221e-05 0.0917
0.0821214 5.4279e-05 0.0918
0.082553 5.5643e-05 0.0919
0.0829791 5.70141e-05 0.092
0.0833998 5.83922e-05 0.0921
0.0838151 5.97772e-05 0.0922
0.0842249 6.1169e-05 0.0923
0.0846293 6.25675e-05 0.0924
0.0850281 6.39727e-05 0.0925
0.0854213 6.53843e-05 0.0926
0.085809 6.68024e-05 0.0927
0.0861911 6.82269e-05 0.0928
0.0865675 6.96576e-05 0.0929
0.0869383 7.10944e-05 0.093
0.0873035 7.25373e-05 0.0931
0.0876629 7.39862e-05 0.0932
0.0880167 7.54409e-05 0.0933
0.0883646 7.69014e-05 0.0934
0.0887069 7.83676e-05 0.0935
0.0890433 7.98394e-05 0.0936
0.089374 8.13166e-05 0.0937
0.0896988 8.27993e-05 0.0938
0.0900177 8.42872e-05 0.0939
0.0903308 8.57803e-05 0.094
0.0906381 8.72785e-05 0.0941
0.0909394 8.87818e-05 0.0942
0.0912347 9.02899e-05 0.0943
0.0915242 9.18028e-05 0.0944
0.0918076 9.33204e-05 0.0945
0.0920851 9.48426e-05 0.0946
0.0923566 9.63693e-05 0.0947
0.0926221 9.79004e-05 0.0948
0.0928815 9.94357e-05 0.0949
0.0931349 0.000100975 0.095
0.0933823 0.000102519 0.0951
0.0936235 0.000104067 0.0952
0.0938586 0.000105618 0.0953
0.0940877 0.000107174 0.0954
0.0943106 0.000108733 0.0955
0.0945273 0.000110295 0.0956
0.0947379 0.000111861 0.0957
0.0949424 0.000113431 0.0958
0.0951406 0.000115004 0.0959
0.0953327 0.00011658 0.096
0.0955185 0.000118159 0.0961
0.0956982 0.000119741 0.0962
0.0958716 0.000121325 0.0963
0.0960387 0.000122913 0.0964
0.0961997 0.000124503 0.0965
0.0963543 0.000126096 0.0966
0.0965027 0.000127691 0.0967
0.0966448 0.000129289 0.0968
0.0967806 0.000130889 0.0969
0.0969101 0.000132491 0.097
0.0970333 0.000134095 0.0971
0.0971502 0.0001357 0.0972
0.0972607 0.000137308 0.0973
0.097365 0.000138918 0.0974
0.0974629 0.000140529 0.0975
0.0975544 0.000142141 0.0976
0.0976396 0.000143755 0.0977
0.0977185 0.00014537 0.0978
0.097791 0.000146986 0.0979
0.0978571 0.000148604 0.098
0.0979168 0.000150222 0.0981
0.0979702 0.000151842 0.0982
0.0980172 0.000153462 0.0983
0.0980579 0.000155082 0.0984
0.0980921 0.000156703 0.0985
0.09812 0.000158325 0.0986
0.0981415 0.000159947 0.0987
0.0981566 0.000161569 0.0988
0.0981653 0.000163192 0.0989
0.0981676 0.000164814 0.099
0.0981636 0.000166436 0.0991
0.0981531 0.000168058 0.0992
0.0981363 0.00016968 0.0993
0.0981131 0.000171301 0.0994
0.0980835 0.000172922 0.0995
0.0980475 0.000174542 0.0996
0.0980051 0.000176162 0.0997
0.0979564 0.00017778 0.0998
0.0979012 0.000179398 0.0999
0.0978398 0.000181014 0.1
0.0977719 0.00018263 0.1001
0.0976977 0.000184244 0.1002
0.0976171 0.000185857 0.1003
0.0975302 0.000187468 0.1004
0.0974369 0.000189078 0.1005
0.0973373 0.000190686 0.1006
0.0972314 0.000192292 0.1007
0.0971191 0.000193896 0.1008
0.0970005 0.000195499 0.1009
0.0968756 0.000197099 0.101
0.0967444 0.000198697 0.1011
0.0966069 0.000200293 0.1012
0.0964631 0.000201886 0.1013
0.096313 0.000203477 0.1014
0.0961567 0.000205065 0.1015
0.0959941 0.00020665 0.1016
0.0958253 0.000208233 0.1017
0.0956502 0.000209812 0.1018
0.0954689 0.000211389 0.1019
0.0952814 0.000212962 0.102
0.0950876 0.000214532 0.1021
0.0948877 0.000216099 0.1022
0.0946816 0.000217662 0.1023
0.0944694 0.000219222 0.1024
0.094251 0.000220778 0.1025
0.0940265 0.00022233 0.1026
0.0937958 0.000223879 0.1027
0.093559 0.000225423 0.1028
0.0933162 0.000226964 0.1029
0.0930672 0.0002285 0.103
0.0928123 0.000230032 0.1031
0.0925512 0.000231559 0.1032
0.0922842 0.000233082 0.1033
0.0920111 0.000234601 0.1034
0.091732 0.000236115 0.1035
0.091447 0.000237624 0.1036
0.091156 0.000239128 0.1037
0.090859 0.000240627 0.1038
0.0905562 0.000242121 0.1039
0.0902474 0.00024361 0.104
0.0899328 0.000245094 0.1041
0.0896123 0.000246572 0.1042
0.089286 0.000248045 0.1043
0.0889539 0.000249512 0.1044
0.0886159 0.000250974 0.1045
0.0882722 0.00025243 0.1046
0.0879227 0.00025388 0.1047
0.0875675 0.000255324 0.1048
0.0872066 0.000256762 0.1049
0.08684 0.000258194 0.105
0.0864678 0.000259619 0.1051
0.0860899 0.000261039 0.1052
0.0857064 0.000262452 0.1053
0.0853173 0.000263858 0.1054
0.0849226 0.000265258 0.1055
0.0845225 0.000266651 0.1056
0.0841168 0.000268037 0.1057
0.0837056 0.000269417 0.1058
0.0832889 0.000270789 0.1059
0.0828668 0.000272155 0.106
0.0824393 0.000273513 0.1061
0.0820065 0.000274864 0.1062
0.0815682 0.000276208 0.1063
0.0811247 0.000277544 0.1064
0.0806759 0.000278873 0.1065
0.0802218 0.000280194 0.1066
0.0797624 0.000281508 0.1067
0.0792979 0.000282814 0.1068
0.0788281 0.000284112 0.1069
0.0783533 0.000285402 0.107
0.0778733 0.000286683 0.1071
0.0773882 0.000287957 0.1072
0.0768981 0.000289223 0.1073
0.0764029 0.00029048 0.1074
0.0759028 0.000291729 0.1075
0.0753976 0.00029297 0.1076
0.0748876 0.000294202 0.1077
0.0743727 0.000295426 0.1078
0.0738529 0.00029664 0.1079
0.0733282 0.000297847 0.108
0.0727988 0.000299044 0.1081
0.0722646 0.000300232 0.1082
0.0717257 0.000301411 0.1083
0.0711821 0.000302581 0.1084
0.0706339 0.000303742 0.1085
0.070081 0.000304894 0.1086
0.0695235 0.000306037 0.1087
0.0689615 0.00030717 0.1088
0.068395 0.000308294 0.1089
0.0678239 0.000309408 0.109
0.0672485 0.000310512 0.1091
0.0666686 0.000311607 0.1092
0.0660844 0.000312692 0.1093
0.0654958 0.000313767 0.1094
0.0649029 0.000314833 0.1095
0.0643058 0.000315888 0.1096
0.0637045 0.000316933 0.1097
0.063099 0.000317969 0.1098
0.0624893 0.000318994 0.1099
0.0618756 0.000320008 0.11
0.0612578 0.000321013 0.1101
0.0606359 0.000322007 0.1102
0.0600101 0.000322991 0.1103
0.0593803 0.000323964 0.1104
0.0587467 0.000324926 0.1105
0.0581091 0.000325878 0.1106
0.0574678 0.00032682 0.1107
0.0568227 0.00032775 0.1108
0.0561738 0.00032867 0.1109
0.0555212 0.000329578 0.111
0.054865 0.000330476 0.1111
0.0542052 0.000331363 0.1112
0.0535418 0.000332239 0.1113
0.0528749 0.000333103 0.1114
0.0522044 0.000333957 0.1115
0.0515306 0.000334799 0.1116
0.0508533 0.00033563 0.1117
0.0501727 0.000336449 0.1118
0.0494888 0.000337257 0.1119
0.0488016 0.000338054 0.112
0.0481112 0.000338839 0.1121
0.0474176 0.000339613 0.1122
0.0467208 0.000340375 0.1123
0.046021 0.000341125 0.1124
0.0453181 0.000341863 0.1125
0.0446122 0.00034259 0.1126
0.0439034 0.000343305 0.1127
0.0431917 0.000344008 0.1128
0.0424771 0.000344699 0.1129
0.0417596 0.000345378 0.113
0.0410394 0.000346045 0.1131
0.0403165 0.0003467 0.1132
0.0395909 0.000347343 0.1133
0.0388626 0.000347974 0.1134
0.0381318 0.000348593 0.1135
0.0373984 0.000349199 0.1136
0.0366626 0.000349794 0.1137
0.0359242 0.000350375 0.1138
0.0351835 0.000350945 0.1139
0.0344405 0.000351502 0.114
0.0336951 0.000352047 0.1141
0.0329474 0.000352579 0.1142
0.0321976 0.000353098 0.1143
0.0314456 0.000353606 0.1144
0.0306915 0.0003541 0.1145
0.0299353 0.000354582 0.1146
0.0291771 0.000355051 0.1147
0.0284169 0.000355508 0.1148
0.0276548 0.000355952 0.1149
0.0268909 0.000356383 0.115
0.0261251 0.000356802 0.1151
0.0253576 0.000357207 0.1152
0.0245883 0.0003576 0.1153
0.0238173 0.00035798 0.1154
0.0230448 0.000358347 0.1155
0.0222706 0.000358701 0.1156
0.0214949 0.000359043 0.1157
0.0207178 0.000359371 0.1158
0.0199392 0.000359686 0.1159
0.0191592 0.000359989 0.116
0.018378 0.000360278 0.1161
0.0175954 0.000360554 0.1162
0.0168116 0.000360817 0.1163
0.0160267 0.000361067 0.1164
0.0152406 0.000361304 0.1165
0.0144534 0.000361528 0.1166
0.0136652 0.000361739 0.1167
0.0128761 0.000361937 0.1168
0.012086 0.000362121 0.1169
0.011295 0.000362292 0.117
0.0105032 0.00036245 0.1171
0.00971069 0.000362595 0.1172
0.00891741 0.000362727 0.1173
0.00812346 0.000362845 0.1174
0.00732889 0.00036295 0.1175
0.00653376 0.000363042 0.1176
0.0057381 0.000363121 0.1177
0.00494198 0.000363186 0.1178
0.00414544 0.000363238 0.1179
0.00334854 0.000363277 0.118
0.00255132 0.000363303 0.1181
0.00175384 0.000363315 0.1182
0.000956147 0.000363314 0.1183
0.000158293 0.000363299 0.1184
-0.000639671 0.000363272 0.1185
-0.00143769 0.000363231 0.1186
-0.00223572 0.000363177 0.1187
-0.00303371 0.000363109 0.1188
-0.0038316 0.000363028 0.1189
-0.00462935 0.000362934 0.119
-0.0054269 0.000362827 0.1191
-0.0062242 0.000362706 0.1192
-0.00702121 0.000362572 0.1193
-0.00781786 0.000362425 0.1194
-0.00861412 0.000362264 0.1195
-0.00940992 0.000362091 0.1196
-0.0102052 0.000361904 0.1197
-0.011 0.000361704 0.1198
-0.0117941 0.00036149 0.1199
-0.0125876 0.000361263 0.12
-0.0133804 0.000361024 0.1201
-0.0141724 0.00036077 0.1202
-0.0149636 0.000360504 0.1203
-0.015754 0.000360225 0.1204
-0.0165434 0.000359932 0.1205
-0.0173319 0.000359627 0.1206
-0.0181194 0.000359308 0.1207
-0.0189058 0.000358976 0.1208
-0.0196911 0.000358631 0.1209
-0.0204752 0.000358273 0.121
-0.0212582 0.000357902 0.1211
-0.0220399 0.000357518 0.1212
-0.0228202 0.000357121 0.1213
-0.0235992 0.000356711 0.1214
-0.0243768 0.000356288 0.1215
-0.0251529 0.000355852 0.1216
-0.0259275 0.000355403 0.1217
-0.0267006 0.000354941 0.1218
-0.0274721 0.000354467 0.1219
-0.0282418 0.000353979 0.122
-0.0290099 0.000353479 0.1221
-0.0297762 0.000352966 0.1222
-0.0305408 0.00035244 0.1223
-0.0313034 0.000351902 0.1224
-0.0320642 0.000351351 0.1225
-0.032823 0.000350788 0.1226
-0.0335798 0.000350211 0.1227
-0.0343345 0.000349623 0.1228
-0.0350872 0.000349021 0.1229
-0.0358377 0.000348407 0.123
-0.036586 0.000347781 0.1231
-0.037332 0.000347142 0.1232
-0.0380758 0.000346491 0.1233
-0.0388172 0.000345828 0.1234
-0.0395563 0.000345152 0.1235
-0.0402929 0.000344464 0.1236
-0.0410271 0.000343764 0.1237
-0.0417587 0.000343052 0.1238
-0.0424877 0.000342327 0.1239
-0.0432141 0.000341591 0.124
-0.0439379 0.000340842 0.1241
-0.0446589 0.000340081 0.1242
-0.0453772 0.000339309 0.1243
-0.0460926 0.000338524 0.1244
-0.0468053 0.000337728 0.1245
-0.047515 0.00033692 0.1246
-0.0482218 0.0003361 0.1247
-0.0489255 0.000335268 0.1248
-0.0496263 0.000334425 0.1249
-0.050324 0.00033357 0.125
-0.0510185 0.000332704 0.1251
-0.0517099 0.000331826 0.1252
-0.0523981 0.000330936 0.1253
-0.053083 0.000330036 0.1254
-0.0537646 0.000329123 0.1255
-0.0544429 0.0003282 0.1256
-0.0551178 0.000327265 0.1257
-0.0557893 0.00032632 0.1258
-0.0564573 0.000325363 0.1259
-0.0571218 0.000324395 0.126
-0.0577827 0.000323416 0.1261
-0.05844 0.000322426 0.1262
-0.0590937 0.000321425 0.1263
-0.0597437 0.000320413 0.1264
-0.0603899 0.000319391 0.1265
-0.0610324 0.000318358 0.1266
-0.0616711 0.000317314 0.1267
-0.062306 0.00031626 0.1268
-0.0629369 0.000315196 0.1269
-0.0635639 0.00031412 0.127
-0.064187 0.000313035 0.1271
-0.064806 0.000311939 0.1272
-0.065421 0.000310833 0.1273
-0.0660319 0.000309717 0.1274
-0.0666387 0.000308591 0.1275
-0.0672413 0.000307455 0.1276
-0.0678397 0.000306308 0.1277
-0.0684338 0.000305152 0.1278
-0.0690237 0.000303986 0.1279
-0.0696093 0.000302811 0.128
-0.0701905 0.000301626 0.1281
-0.0707673 0.000300431 0.1282
-0.0713396 0.000299226 0.1283
-0.0719075 0.000298013 0.1284
-0.0724709 0.000296789 0.1285
-0.0730298 0.000295557 0.1286
-0.0735841 0.000294315 0.1287
-0.0741337 0.000293064 0.1288
-0.0746788 0.000291805 0.1289
-0.0752191 0.000290536 0.129
-0.0757547 0.000289258 0.1291
-0.0762856 0.000287971 0.1292
-0.0768117 0.000286676 0.1293
-0.0773329 0.000285372 0.1294
-0.0778493 0.00028406 0.1295
-0.0783609 0.000282739 0.1296
-0.0788675 0.000281409 0.1297
-0.0793691 0.000280071 0.1298
-0.0798658 0.000278725 0.1299
-0.0803575 0.000277371 0.13
-0.0808441 0.000276009 0.1301
-0.0813256 0.000274639 0.1302
-0.0818021 0.000273261 0.1303
-0.0822734 0.000271875 0.1304
-0.0827395 0.000270481 0.1305
-0.0832004 0.000269079 0.1306
-0.0836561 0.00026767 0.1307
-0.0841066 0.000266254 0.1308
-0.0845517 0.00026483 0.1309
-0.0849916 0.000263399 0.131
-0.085426 0.000261961 0.1311
-0.0858552 0.000260515 0.1312
-0.0862789 0.000259063 0.1313
-0.0866972 0.000257603 0.1314
-0.0871101 0.000256137 0.1315
-0.0875174 0.000254664 0.1316
-0.0879193 0.000253184 0.1317
-0.0883156 0.000251698 0.1318
-0.0887064 0.000250205 0.1319
-0.0890916 0.000248706 0.132
-0.0894712 0.000247201 0.1321
-0.0898452 0.000245689 0.1322
-0.0902135 0.000244171 0.1323
-0.0905761 0.000242648 0.1324
-0.0909331 0.000241118 0.1325
-0.0912843 0.000239582 0.1326
-0.0916298 0.000238041 0.1327
-0.0919695 0.000236494 0.1328
-0.0923034 0.000234942 0.1329
-0.0926315 0.000233384 0.133
-0.0929537 0.000231821 0.1331
-0.0932701 0.000230253 0.1332
-0.0935807 0.000228679 0.1333
-0.0938853 0.000227101 0.1334
-0.0941841 0.000225517 0.1335
-0.0944769 0.000223929 0.1336
-0.0947637 0.000222336 0.1337
-0.0950446 0.000220738 0.1338
-0.0953195 0.000219135 0.1339
-0.0955884 0.000217529 0.134
-0.0958513 0.000215918 0.1341
-0.0961081 0.000214302 0.1342
-0.0963589 0.000212683 0.1343
-0.0966036 0.000211059 0.1344
-0.0968422 0.000209432 0.1345
-0.0970747 0.0002078 0.1346
-0.0973011 0.000206165 0.1347
-0.0975214 0.000204527 0.1348
-0.0977355 0.000202884 0.1349
-0.0979435 0.000201239 0.135
-0.0981453 0.00019959 0.1351
-0.0983409 0.000197937 0.1352
-0.0985303 0.000196282 0.1353
-0.0987135 0.000194624 0.1354
-0.0988904 0.000192962 0.1355
-0.0990612 0.000191298 0.1356
-0.0992257 0.000189632 0.1357
-0.0993839 0.000187962 0.1358
-0.0995359 0.00018629 0.1359
-0.0996816 0.000184616 0.136
-0.099821 0.000182939 0.1361
-0.0999542 0.000181261 0.1362
-0.100081 0.00017958 0.1363
-0.100201 0.000177897 0.1364
-0.100316 0.000176212 0.1365
-0.100424 0.000174526 0.1366
-0.100525 0.000172838 0.1367
-0.10062 0.000171148 0.1368
-0.100709 0.000169457 0.1369
-0.100792 0.000167765 0.137
-0.100868 0.000166071 0.1371
-0.100938 0.000164376 0.1372
-0.101001 0.00016268 0.1373
-0.101058 0.000160984 0.1374
-0.101109 0.000159286 0.1375
-0.101153 0.000157588 0.1376
-0.101191 0.000155889 0.1377
-0.101223 0.00015419 0.1378
-0.101248 0.00015249 0.1379
-0.101267 0.00015079 0.138
-0.101279 0.00014909 0.1381
-0.101285 0.000147389 0.1382
-0.101285 0.000145689 0.1383
-0.101278 0.000143989 0.1384
-0.101265 0.000142289 0.1385
-0.101245 0.00014059 0.1386
-0.101219 0.000138891 0.1387
-0.101187 0.000137193 0.1388
-0.101148 0.000135495 0.1389
-0.101103 0.000133798 0.139
-0.101052 0.000132102 0.1391
-0.100994 0.000130407 0.1392
-0.10093 0.000128713 0.1393
-0.100859 0.00012702 0.1394
-0.100782 0.000125329 0.1395
-0.100699 0.000123639 0.1396
-0.100609 0.00012195 0.1397
-0.100513 0.000120264 0.1398
-0.100411 0.000118579 0.1399
-0.100303 0.000116895 0.14
-0.100188 0.000115214 0.1401
-0.100066 0.000113535 0.1402
-0.0999387 0.000111858 0.1403
-0.0998048 0.000110183 0.1404
-0.0996646 0.00010851 0.1405
-0.0995182 0.000106841 0.1406
-0.0993655 0.000105173 0.1407
-0.0992065 0.000103508 0.1408
-0.0990412 0.000101847 0.1409
-0.0988697 0.000100188 0.141
-0.098692 9.85316e-05 0.1411
-0.098508 9.68786e-05 0.1412
-0.0983179 9.52289e-05 0.1413
-0.0981215 9.35825e-05 0.1414
-0.097919 9.19395e-05 0.1415
-0.0977103 9.03001e-05 0.1416
-0.0974954 8.86642e-05 0.1417
-0.0972744 8.7032e-05 0.1418
-0.0970472 8.54037e-05 0.1419
-0.0968139 8.37793e-05 0.142
-0.0965746 8.21589e-05 0.1421
-0.0963291 8.05427e-05 0.1422
-0.0960776 7.89306e-05 0.1423
-0.09582 7.73229e-05 0.1424
-0.0955564 7.57196e-05 0.1425
-0.0952867 7.41209e-05 0.1426
-0.0950111 7.25267e-05 0.1427
-0.0947294 7.09373e-05 0.1428
-0.0944418 6.93528e-05 0.1429
-0.0941483 6.77731e-05 0.143
-0.0938488 6.61985e-05 0.1431
-0.0935434 6.4629e-05 0.1432
-0.0932321 6.30647e-05 0.1433
-0.0929149 6.15057e-05 0.1434
-0.0925919 5.99522e-05 0.1435
-0.0922631 5.84041e-05 0.1436
-0.0919284 5.68617e-05 0.1437
-0.0915879 5.5325e-05 0.1438
-0.0912417 5.37941e-05 0.1439
-0.0908898 5.2269e-05 0.144
-0.0905321 5.075e-05 0.1441
-0.0901687 4.9237e-05 0.1442
-0.0897996 4.77303e-05 0.1443
-0.0894249 4.62298e-05 0.1444
-0.0890445 4.47357e-05 0.1445
-0.0886586 4.3248e-05 0.1446
-0.0882671 4.17669e-05 0.1447
-0.08787 4.02925e-05 0.1448
-0.0874673 3.88248e-05 0.1449
-0.0870592 3.73639e-05 0.145
-0.0866456 3.59099e-05 0.1451
-0.0862266 3.4463e-05 0.1452
-0.0858021 3.30231e-05 0.1453
-0.0853722 3.15905e-05 0.1454
-0.0849369 3.01651e-05 0.1455
-0.0844964 2.87472e-05 0.1456
-0.0840504 2.73366e-05 0.1457
-0.0835993 2.59337e-05 0.1458
-0.0831428 2.45383e-05 0.1459
-0.0826811 2.31507e-05 0.146
-0.0822143 2.17709e-05 0.1461
-0.0817422 2.0399e-05 0.1462
-0.081265 1.9035e-05 0.1463
-0.0807827 1.76792e-05 0.1464
-0.0802954 1.63314e-05 0.1465
-0.0798029 1.4992e-05 0.1466
-0.0793055 1.36608e-05 0.1467
-0.0788031 1.2338e-05 0.1468
-0.0782957 1.10238e-05 0.1469
-0.0777835 9.71803e-06 0.147
-0.0772663 8.42096e-06 0.1471
-0.0767443 7.13262e-06 0.1472
-0.0762175 5.85308e-06 0.1473
-0.0756858 4.58243e-06 0.1474
-0.0751495 3.32074e-06 0.1475
-0.0746084 2.0681e-06 0.1476
-0.0740626 8.24579e-07 0.1477
-0.0735122 -4.09743e-07 0.1478
-0.0729572 -1.63479e-06 0.1479
-0.0723975 -2.85048e-06 0.148
-0.0718334 -4.05675e-06 0.1481
-0.0712647 -5.25352e-06 0.1482
-0.0706916 -6.44071e-06 0.1483
-0.0701141 -7.61825e-06 0.1484
-0.0695321 -8.78606e-06 0.1485
-0.0689458 -9.94408e-06 0.1486
-0.0683552 -1.10922e-05 0.1487
-0.0677603 -1.22305e-05 0.1488
-0.0671611 -1.33587e-05 0.1489
-0.0665578 -1.44768e-05 0.149
-0.0659503 -1.55848e-05 0.1491
-0.0653386 -1.66825e-05 0.1492
-0.0647229 -1.777e-05 0.1493
-0.0641031 -1.88471e-05 0.1494
-0.0634793 -1.99138e-05 0.1495
-0.0628515 -2.09701e-05 0.1496
-0.0622198 -2.20157e-05 0.1497
-0.0615842 -2.30508e-05 0.1498
-0.0609448 -2.40752e-05 0.1499
-0.0603015 -2.50888e-05 0.15
-0.0596545 -2.60916e-05 0.1501
-0.0590038 -2.70836e-05 0.1502
-0.0583494 -2.80647e-05 0.1503
-0.0576913 -2.90347e-05 0.1504
-0.0570296 -2.99937e-05 0.1505
-0.0563644 -3.09416e-05 0.1506
-0.0556956 -3.18783e-05 0.1507
-0.0550234 -3.28039e-05 0.1508
-0.0543478 -3.37181e-05 0.1509
-0.0536688 -3.4621e-05 0.151
-0.0529864 -3.55125e-05 0.1511
-0.0523007 -3.63926e-05 0.1512
-0.0516118 -3.72611e-05 0.1513
-0.0509197 -3.81181e-05 0.1514
-0.0502244 -3.89635e-05 0.1515
-0.0495259 -3.97973e-05 0.1516
-0.0488244 -4.06193e-05 0.1517
-0.0481199 -4.14296e-05 0.1518
-0.0474124 -4.2228e-05 0.1519
-0.0467019 -4.30146e-05 0.152
-0.0459885 -4.37893e-05 0.1521
-0.0452723 -4.45521e-05 0.1522
-0.0445533 -4.53028e-05 0.1523
-0.0438315 -4.60415e-05 0.1524
-0.043107 -4.67682e-05 0.1525
-0.0423799 -4.74826e-05 0.1526
-0.0416501 -4.81849e-05 0.1527
-0.0409177 -4.8875e-05 0.1528
-0.0401828 -4.95529e-05 0.1529
-0.0394455 -5.02184e-05 0.153
-0.0387057 -5.08715e-05 0.1531
-0.0379635 -5.15123e-05 0.1532
-0.037219 -5.21407e-05 0.1533
-0.0364721 -5.27566e-05 0.1534
-0.0357231 -5.336e-05 0.1535
-0.0349718 -5.39509e-05 0.1536
-0.0342184 -5.45292e-05 0.1537
-0.0334629 -5.50949e-05 0.1538
-0.0327054 -5.5648e-05 0.1539
-0.0319459 -5.61884e-05 0.154
-0.0311844 -5.67161e-05 0.1541
-0.030421 -5.7231e-05 0.1542
-0.0296557 -5.77332e-05 0.1543
-0.0288886 -5.82226e-05 0.1544
-0.0281198 -5.86992e-05 0.1545
-0.0273493 -5.91629e-05 0.1546
-0.0265771 -5.96138e-05 0.1547
-0.0258033 -6.00517e-05 0.1548
-0.0250279 -6.04767e-05 0.1549
-0.024251 -6.08888e-05 0.155
-0.0234727 -6.12879e-05 0.1551
-0.022693 -6.16739e-05 0.1552
-0.0219118 -6.2047e-05 0.1553
-0.0211294 -6.2407e-05 0.1554
-0.0203457 -6.27539e-05 0.1555
-0.0195609 -6.30877e-05 0.1556
-0.0187748 -6.34084e-05 0.1557
-0.0179876 -6.3716e-05 0.1558
-0.0171994 -6.40105e-05 0.1559
-0.0164102 -6.42918e-05 0.156
-0.01562 -6.45599e-05 0.1561
-0.0148289 -6.48148e-05 0.1562
-0.0140369 -6.50565e-05 0.1563
-0.0132442 -6.5285e-05 0.1564
-0.0124506 -6.55003e-05 0.1565
-0.0116564 -6.57024e-05 0.1566
-0.0108615 -6.58911e-05 0.1567
-0.010066 -6.60667e-05 0.1568
-0.00927 -6.62289e-05 0.1569
-0.00847345 -6.63779e-05 0.157
-0.00767645 -6.65135e-05 0.1571
-0.00687906 -6.66359e-05 0.1572
-0.00608131 -6.6745e-05 0.1573
-0.00528326 -6.68408e-05 0.1574
-0.00448497 -6.69233e-05 0.1575
-0.00368648 -6.69924e-05 0.1576
-0.00288784 -6.70483e-05 0.1577
-0.00208911 -6.70908e-05 0.1578
-0.00129034 -6.71201e-05 0.1579
-0.000491569 -6.7136e-05 0.158
0.000307138 -6.71386e-05 0.1581
0.00110573 -6.71278e-05 0.1582
0.00190417 -6.71038e-05 0.1583
0.00270239 -6.70665e-05 0.1584
0.00350036 -6.70159e-05 0.1585
0.004298 -6.6952e-05 0.1586
0.00509528 -6.68748e-05 0.1587
0.00589215 -6.67843e-05 0.1588
0.00668854 -6.66805e-05 0.1589
0.00748442 -6.65635e-05 0.159
0.00827973 -6.64332e-05 0.1591
0.00907442 -6.62897e-05 0.1592
0.00986844 -6.61329e-05 0.1593
0.0106617 -6.5963e-05 0.1594
0.0114543 -6.57798e-05 0.1595
0.012246 -6.55834e-05 0.1596
0.0130368 -6.53739e-05 0.1597
0.0138267 -6.51512e-05 0.1598
0.0146156 -6.49153e-05 0.1599
0.0154035 -6.46664e-05 0.16
0.0161904 -6.44043e-05 0.1601
0.0169761 -6.41291e-05 0.1602
0.0177606 -6.38408e-05 0.1603
0.0185439 -6.35395e-05 0.1604
0.0193259 -6.32252e-05 0.1605
0.0201066 -6.28979e-05 0.1606
0.0208859 -6.25576e-05 0.1607
0.0216638 -6.22043e-05 0.1608
0.0224402 -6.18381e-05 0.1609
0.0232151 -6.1459e-05 0.161
0.0239884 -6.1067e-05 0.1611
0.0247601 -6.06621e-05 0.1612
0.0255301 -6.02444e-05 0.1613
0.0262984 -5.98139e-05 0.1614
0.027065 -5.93707e-05 0.1615
0.0278296 -5.89147e-05 0.1616
0.0285925 -5.8446e-05 0.1617
0.0293534 -5.79646e-05 0.1618
0.0301123 -5.74706e-05 0.1619
0.0308692 -5.6964e-05 0.162
0.0316241 -5.64448e-05 0.1621
0.0323768 -5.59131e-05 0.1622
0.0331274 -5.53689e-05 0.1623
0.0338758 -5.48122e-05 0.1624
0.0346219 -5.42431e-05 0.1625
0.0353657 -5.36616e-05 0.1626
0.0361072 -5.30678e-05 0.1627
0.0368462 -5.24616e-05 0.1628
0.0375829 -5.18432e-05 0.1629
0.038317 -5.12126e-05 0.163
0.0390485 -5.05698e-05 0.1631
0.0397775 -4.99148e-05 0.1632
0.0405039 -4.92478e-05 0.1633
0.0412276 -4.85687e-05 0.1634
0.0419485 -4.78775e-05 0.1635
0.0426667 -4.71745e-05 0.1636
0.043382 -4.64595e-05 0.1637
0.0440945 -4.57327e-05 0.1638
0.0448041 -4.4994e-05 0.1639
0.0455107 -4.42436e-05 0.164
0.0462143 -4.34815e-05 0.1641
0.0469149 -4.27077e-05 0.1642
0.0476123 -4.19223e-05 0.1643
0.0483067 -4.11254e-05 0.1644
0.0489978 -4.03169e-05 0.1645
0.0496858 -3.9497e-05 0.1646
0.0503704 -3.86657e-05 0.1647
0.0510518 -3.78231e-05 0.1648
0.0517298 -3.69691e-05 0.1649
0.0524044 -3.6104e-05 0.165
0.0530755 -3.52276e-05 0.1651
0.0537432 -3.43402e-05 0.1652
0.0544073 -3.34417e-05 0.1653
0.0550679 -3.25322e-05 0.1654
0.0557249 -3.16118e-05 0.1655
0.0563782 -3.06805e-05 0.1656
0.0570278 -2.97384e-05 0.1657
0.0576736 -2.87856e-05 0.1658
0.0583157 -2.7822e-05 0.1659
0.058954 -2.68479e-05 0.166
0.0595884 -2.58632e-05 0.1661
0.0602189 -2.4868e-05 0.1662
0.0608454 -2.38624e-05 0.1663
0.061468 -2.28464e-05 0.1664
0.0620866 -2.18201e-05 0.1665
0.0627011 -2.07836e-05 0.1666
0.0633115 -1.9737e-05 0.1667
0.0639177 -1.86803e-05 0.1668
0.0645198 -1.76135e-05 0.1669
0.0651176 -1.65368e-05 0.167
0.0657112 -1.54503e-05 0.1671
0.0663005 -1.43539e-05 0.1672
0.0668855 -1.32478e-05 0.1673
0.0674661 -1.21321e-05 0.1674
0.0680423 -1.10067e-05 0.1675
0.0686141 -9.87188e-06 0.1676
0.0691813 -8.7276e-06 0.1677
0.0697441 -7.57397e-06 0.1678
0.0703023 -6.41105e-06 0.1679
0.0708559 -5.23893e-06 0.168
0.0714049 -4.05768e-06 0.1681
0.0719493 -2.86738e-06 0.1682
0.0724889 -1.6681e-06 0.1683
0.0730238 -4.59938e-07 0.1684
0.073554 7.57042e-07 0.1685
0.0740793 1.98276e-06 0.1686
0.0745999 3.21712e-06 0.1687
0.0751155 4.46006e-06 0.1688
0.0756263 5.71149e-06 0.1689
0.0761322 6.97133e-06 0.169
0.076633 8.23949e-06 0.1691
0.0771289 9.51589e-06 0.1692
0.0776198 1.08005e-05 0.1693
0.0781056 1.20931e-05 0.1694
0.0785864 1.33937e-05 0.1695
0.079062 1.47022e-05 0.1696
0.0795324 1.60186e-05 0.1697
0.0799977 1.73427e-05 0.1698
0.0804578 1.86744e-05 0.1699
0.0809126 2.00136e-05 0.17
0.0813622 2.13604e-05 0.1701
0.0818065 2.27145e-05 0.1702
0.0822454 2.40759e-05 0.1703
0.082679 2.54445e-05 0.1704
0.0831073 2.68203e-05 0.1705
0.0835301 2.8203e-05 0.1706
0.0839475 2.95927e-05 0.1707
0.0843594 3.09892e-05 0.1708
0.0847658 3.23925e-05 0.1709
0.0851668 3.38024e-05 0.171
0.0855622 3.52189e-05 0.1711
0.085952 3.66418e-05 0.1712
0.0863362 3.80712e-05 0.1713
0.0867148 3.95068e-05 0.1714
0.0870878 4.09486e-05 0.1715
0.0874552 4.23965e-05 0.1716
0.0878168 4.38504e-05 0.1717
0.0881727 4.53102e-05 0.1718
0.0885229 4.67759e-05 0.1719
0.0888674 4.82472e-05 0.172
0.0892061 4.97241e-05 0.1721
0.0895389 5.12066e-05 0.1722
0.089866 5.26945e-05 0.1723
0.0901872 5.41877e-05 0.1724
0.0905026 5.56862e-05 0.1725
0.0908121 5.71898e-05 0.1726
0.0911157 5.86984e-05 0.1727
0.0914133 6.0212e-05 0.1728
0.0917051 6.17303e-05 0.1729
0.0919908 6.32535e-05 0.173
0.0922706 6.47812e-05 0.1731
0.0925444 6.63135e-05 0.1732
0.0928122 6.78502e-05 0.1733
0.093074 6.93913e-05 0.1734
0.0933297 7.09366e-05 0.1735
0.0935794 7.2486e-05 0.1736
0.093823 7.40395e-05 0.1737
0.0940605 7.55969e-05 0.1738
0.0942919 7.71581e-05 0.1739
0.0945172 7.8723e-05 0.174
0.0947363 8.02916e-05 0.1741
0.0949493 8.18637e-05 0.1742
0.0951561 8.34392e-05 0.1743
0.0953567 8.5018e-05 0.1744
0.0955512 8.66001e-05 0.1745
0.0957394 8.81852e-05 0.1746
0.0959215 8.97734e-05 0.1747
0.0960973 9.13644e-05 0.1748
0.0962669 9.29583e-05 0.1749
0.0964302 9.45548e-05 0.175
0.0965873 9.61539e-05 0.1751
0.0967381 9.77555e-05 0.1752
0.0968826 9.93595e-05 0.1753
0.0970208 0.000100966 0.1754
0.0971528 0.000102574 0.1755
0.0972784 0.000104185 0.1756
0.0973977 0.000105797 0.1757
0.0975108 0.000107412 0.1758
0.0976174 0.000109028 0.1759
0.0977178 0.000110645 0.176
0.0978118 0.000112265 0.1761
0.0978994 0.000113885 0.1762
0.0979807 0.000115507 0.1763
0.0980557 0.00011713 0.1764
0.0981243 0.000118755 0.1765
0.0981865 0.00012038 0.1766
0.0982424 0.000122006 0.1767
0.0982918 0.000123633 0.1768
0.0983349 0.000125261 0.1769
0.0983717 0.000126889 0.177
0.098402 0.000128518 0.1771
0.0984259 0.000130147 0.1772
0.0984435 0.000131777 0.1773
0.0984547 0.000133406 0.1774
0.0984595 0.000135036 0.1775
0.0984579 0.000136666 0.1776
0.0984499 0.000138295 0.1777
0.0984356 0.000139924 0.1778
0.0984148 0.000141553 0.1779
0.0983877 0.000143181 0.178
0.0983542 0.000144809 0.1781
0.0983143 0.000146436 0.1782
0.098268 0.000148062 0.1783
0.0982153 0.000149687 0.1784
0.0981563 0.000151312 0.1785
0.0980909 0.000152935 0.1786
0.0980192 0.000154557 0.1787
0.097941 0.000156177 0.1788
0.0978566 0.000157797 0.1789
0.0977658 0.000159414 0.179
0.0976686 0.00016103 0.1791
0.0975651 0.000162644 0.1792
0.0974553 0.000164257 0.1793
0.0973391 0.000165867 0.1794
0.0972167 0.000167476 0.1795
0.0970879 0.000169082 0.1796
0.0969528 0.000170686 0.1797
0.0968115 0.000172287 0.1798
0.0966638 0.000173886 0.1799
0.0965099 0.000175483 0.18
0.0963497 0.000177076 0.1801
0.0961833 0.000178667 0.1802
0.0960106 0.000180255 0.1803
0.0958317 0.00018184 0.1804
0.0956466 0.000183422 0.1805
0.0954553 0.000185001 0.1806
0.0952578 0.000186576 0.1807
0.0950541 0.000188148 0.1808
0.0948442 0.000189716 0.1809
0.0946282 0.000191281 0.181
0.094406 0.000192842 0.1811
0.0941777 0.000194399 0.1812
0.0939433 0.000195953 0.1813
0.0937028 0.000197502 0.1814
0.0934562 0.000199047 0.1815
0.0932036 0.000200588 0.1816
0.0929448 0.000202124 0.1817
0.0926801 0.000203656 0.1818
0.0924094 0.000205184 0.1819
0.0921326 0.000206707 0.182
0.0918499 0.000208225 0.1821
0.0915612 0.000209738 0.1822
0.0912665 0.000211247 0.1823
0.090966 0.00021275 0.1824
0.0906595 0.000214248 0.1825
0.0903471 0.000215741 0.1826
0.0900289 0.000217229 0.1827
0.0897048 0.000218711 0.1828
0.0893749 0.000220188 0.1829
0.0890392 0.000221659 0.183
0.0886977 0.000223124 0.1831
0.0883505 0.000224584 0.1832
0.0879975 0.000226038 0.1833
0.0876388 0.000227485 0.1834
0.0872744 0.000228927 0.1835
0.0869043 0.000230362 0.1836
0.0865286 0.000231791 0.1837
0.0861472 0.000233214 0.1838
0.0857603 0.00023463 0.1839
0.0853678 0.00023604 0.184
0.0849697 0.000237443 0.1841
0.0845661 0.000238839 0.1842
0.084157 0.000240228 0.1843
0.0837425 0.000241611 0.1844
0.0833225 0.000242986 0.1845
0.0828971 0.000244355 0.1846
0.0824663 0.000245716 0.1847
0.0820301 0.00024707 0.1848
0.0815886 0.000248416 0.1849
0.0811418 0.000249755 0.185
0.0806897 0.000251086 0.1851
0.0802324 0.00025241 0.1852
0.0797698 0.000253726 0.1853
0.0793021 0.000255034 0.1854
0.0788292 0.000256335 0.1855
0.0783512 0.000257627 0.1856
0.077868 0.000258911 0.1857
0.0773798 0.000260187 0.1858
0.0768866 0.000261455 0.1859
0.0763884 0.000262715 0.186
0.0758852 0.000263966 0.1861
0.075377 0.000265208 0.1862
0.0748639 0.000266443 0.1863
0.074346 0.000267668 0.1864
0.0738232 0.000268885 0.1865
0.0732956 0.000270092 0.1866
0.0727633 0.000271291 0.1867
0.0722262 0.000272481 0.1868
0.0716844 0.000273662 0.1869
0.0711379 0.000274834 0.187
0.0705868 0.000275997 0.1871
0.070031 0.00027715 0.1872
0.0694708 0.000278294 0.1873
0.0689059 0.000279429 0.1874
0.0683366 0.000280554 0.1875
0.0677629 0.000281669 0.1876
0.0671847 0.000282775 0.1877
0.0666021 0.000283871 0.1878
0.0660152 0.000284957 0.1879
0.065424 0.000286034 0.188
0.0648285 0.0002871 0.1881
0.0642287 0.000288157 0.1882
0.0636248 0.000289203 0.1883
0.0630167 0.000290239 0.1884
0.0624045 0.000291265 0.1885
0.0617883 0.000292281 0.1886
0.0611679 0.000293286 0.1887
0.0605436 0.000294281 0.1888
0.0599154 0.000295266 0.1889
0.0592832 0.000296239 0.189
0.0586471 0.000297203 0.1891
0.0580072 0.000298155 0.1892
0.0573635 0.000299097 0.1893
0.0567161 0.000300028 0.1894
0.0560649 0.000300948 0.1895
0.05541 0.000301858 0.1896
0.0547516 0.000302756 0.1897
0.0540895 0.000303643 0.1898
0.0534239 0.000304519 0.1899
0.0527548 0.000305384 0.19
0.0520823 0.000306238 0.1901
0.0514063 0.00030708 0.1902
0.0507269 0.000307911 0.1903
0.0500442 0.000308731 0.1904
0.0493583 0.000309539 0.1905
0.0486691 0.000310336 0.1906
0.0479766 0.000311121 0.1907
0.0472811 0.000311895 0.1908
0.0465824 0.000312657 0.1909
0.0458807 0.000313407 0.191
0.0451759 0.000314146 0.1911
0.0444682 0.000314872 0.1912
0.0437575 0.000315587 0.1913
0.043044 0.00031629 0.1914
0.0423276 0.000316981 0.1915
0.0416084 0.00031766 0.1916
0.0408865 0.000318327 0.1917
0.0401619 0.000318982 0.1918
0.0394346 0.000319624 0.1919
0.0387047 0.000320255 0.192
0.0379723 0.000320873 0.1921
0.0372373 0.000321479 0.1922
0.0364999 0.000322073 0.1923
0.0357601 0.000322655 0.1924
0.0350179 0.000323224 0.1925
0.0342733 0.00032378 0.1926
0.0335265 0.000324324 0.1927
0.0327775 0.000324856 0.1928
0.0320263 0.000325375 0.1929
0.0312729 0.000325882 0.193
0.0305175 0.000326376 0.1931
0.02976 0.000326857 0.1932
0.0290005 0.000327326 0.1933
0.0282391 0.000327782 0.1934
0.0274758 0.000328225 0.1935
0.0267107 0.000328656 0.1936
0.0259438 0.000329074 0.1937
0.0251751 0.000329479 0.1938
0.0244048 0.000329871 0.1939
0.0236328 0.00033025 0.194
0.0228592 0.000330616 0.1941
0.022084 0.00033097 0.1942
0.0213074 0.00033131 0.1943
0.0205293 0.000331637 0.1944
0.0197498 0.000331952 0.1945
0.018969 0.000332253 0.1946
0.0181869 0.000332542 0.1947
0.0174035 0.000332817 0.1948
0.0166189 0.00033308 0.1949
0.0158332 0.000333329 0.195
0.0150464 0.000333565 0.1951
0.0142585 0.000333788 0.1952
0.0134697 0.000333998 0.1953
0.0126799 0.000334194 0.1954
0.0118892 0.000334378 0.1955
0.0110977 0.000334548 0.1956
0.0103054 0.000334705 0.1957
0.00951229 0.000334849 0.1958
0.00871854 0.000334979 0.1959
0.00792414 0.000335097 0.196
0.00712916 0.000335201 0.1961
0.00633363 0.000335292 0.1962
0.00553762 0.000335369 0.1963
0.00474117 0.000335434 0.1964
0.00394434 0.000335485 0.1965
0.00314717 0.000335523 0.1966
0.00234972 0.000335547 0.1967
0.00155203 0.000335558 0.1968
0.000754167 0.000335556 0.1969
-4.38294e-05 0.000335541 0.197
-0.000841904 0.000335512 0.1971
-0.00164001 0.00033547 0.1972
-0.00243809 0.000335415 0.1973
-0.00323609 0.000335346 0.1974
-0.00403397 0.000335264 0.1975
-0.00483168 0.000335169 0.1976
-0.00562916 0.000335061 0.1977
-0.00642635 0.000334939 0.1978
-0.00722322 0.000334804 0.1979
-0.00801971 0.000334656 0.198
-0.00881577 0.000334494 0.1981
-0.00961134 0.000334319 0.1982
-0.0104064 0.000334131 0.1983
-0.0112008 0.00033393 0.1984
-0.0119947 0.000333716 0.1985
-0.0127878 0.000333488 0.1986
-0.0135802 0.000333247 0.1987
-0.0143718 0.000332993 0.1988
-0.0151626 0.000332726 0.1989
-0.0159525 0.000332445 0.199
-0.0167414 0.000332152 0.1991
-0.0175294 0.000331845 0.1992
-0.0183163 0.000331525 0.1993
-0.0191021 0.000331192 0.1994
-0.0198868 0.000330847 0.1995
-0.0206703 0.000330488 0.1996
-0.0214525 0.000330116 0.1997
-0.0222335 0.000329731 0.1998
-0.0230131 0.000329333 0.1999
-0.0237913 0.000328922 0.2
-0.0245681 0.000328498 0.2001
-0.0253434 0.000328061 0.2002
-0.0261172 0.000327611 0.2003
-0.0268893 0.000327149 0.2004
-0.0276599 0.000326673 0.2005
-0.0284287 0.000326185 0.2006
-0.0291958 0.000325684 0.2007
-0.0299611 0.00032517 0.2008
-0.0307246 0.000324644 0.2009
-0.0314862 0.000324105 0.201
-0.0322458 0.000323553 0.2011
-0.0330035 0.000322989 0.2012
-0.0337591 0.000322412 0.2013
-0.0345127 0.000321823 0.2014
-0.0352641 0.000321221 0.2015
-0.0360134 0.000320606 0.2016
-0.0367604 0.000319979 0.2017
-0.0375052 0.00031934 0.2018
-0.0382476 0.000318688 0.2019
-0.0389877 0.000318024 0.202
-0.0397253 0.000317348 0.2021
-0.0404605 0.00031666 0.2022
-0.0411932 0.000315959 0.2023
-0.0419234 0.000315246 0.2024
-0.0426509 0.000314521 0.2025
-0.0433758 0.000313784 0.2026
-0.044098 0.000313035 0.2027
-0.0448174 0.000312274 0.2028
-0.0455341 0.000311501 0.2029
-0.0462479 0.000310717 0.203
-0.0469588 0.00030992 0.2031
-0.0476669 0.000309112 0.2032
-0.0483719 0.000308291 0.2033
-0.049074 0.00030746 0.2034
-0.0497729 0.000306616 0.2035
-0.0504688 0.000305761 0.2036
-0.0511615 0.000304895 0.2037
-0.0518511 0.000304017 0.2038
-0.0525374 0.000303127 0.2039
-0.0532204 0.000302226 0.204
-0.0539001 0.000301314 0.2041
-0.0545764 0.000300391 0.2042
-0.0552493 0.000299456 0.2043
-0.0559187 0.000298511 0.2044
-0.0565847 0.000297554 0.2045
-0.0572471 0.000296586 0.2046
-0.0579059 0.000295607 0.2047
-0.0585611 0.000294618 0.2048
-0.0592126 0.000293617 0.2049
-0.0598605 0.000292606 0.205
-0.0605045 0.000291584 0.2051
-0.0611448 0.000290552 0.2052
-0.0617813 0.000289508 0.2053
-0.0624138 0.000288455 0.2054
-0.0630425 0.000287391 0.2055
-0.0636672 0.000286316 0.2056
-0.0642879 0.000285231 0.2057
-0.0649046 0.000284136 0.2058
-0.0655172 0.000283031 0.2059
-0.0661257 0.000281915 0.206
-0.06673 0.00028079 0.2061
-0.0673302 0.000279654 0.2062
-0.0679261 0.000278509 0.2063
-0.0685177 0.000277354 0.2064
-0.0691051 0.000276189 0.2065
-0.0696881 0.000275014 0.2066
-0.0702667 0.00027383 0.2067
-0.0708409 0.000272636 0.2068
-0.0714107 0.000271433 0.2069
-0.0719759 0.00027022 0.207
-0.0725367 0.000268998 0.2071
-0.0730928 0.000267767 0.2072
-0.0736444 0.000266526 0.2073
-0.0741913 0.000265277 0.2074
-0.0747336 0.000264018 0.2075
-0.0752712 0.000262751 0.2076
-0.075804 0.000261475 0.2077
-0.0763321 0.00026019 0.2078
-0.0768553 0.000258896 0.2079
-0.0773738 0.000257594 0.208
-0.0778873 0.000256283 0.2081
-0.0783959 0.000254963 0.2082
-0.0788996 0.000253636 0.2083
-0.0793984 0.0002523 0.2084
-0.0798921 0.000250955 0.2085
-0.0803808 0.000249603 0.2086
-0.0808644 0.000248243 0.2087
-0.081343 0.000246874 0.2088
-0.0818164 0.000245498 0.2089
-0.0822846 0.000244114 0.209
-0.0827477 0.000242723 0.2091
-0.0832056 0.000241324 0.2092
-0.0836582 0.000239917 0.2093
-0.0841055 0.000238503 0.2094
-0.0845475 0.000237081 0.2095
-0.0849842 0.000235652 0.2096
-0.0854156 0.000234216 0.2097
-0.0858415 0.000232774 0.2098
-0.086262 0.000231324 0.2099
-0.0866771 0.000229867 0.21
-0.0870868 0.000228403 0.2101
-0.0874909 0.000226933 0.2102
-0.0878895 0.000225456 0.2103
-0.0882826 0.000223972 0.2104
-0.0886701 0.000222482 0.2105
-0.089052 0.000220986 0.2106
-0.0894282 0.000219484 0.2107
-0.0897989 0.000217975 0.2108
-0.0901638 0.000216461 0.2109
-0.0905231 0.00021494 0.211
-0.0908767 0.000213413 0.2111
-0.0912245 0.000211881 0.2112
-0.0915666 0.000210343 0.2113
-0.0919028 0.0002088 0.2114
-0.0922333 0.000207251 0.2115
-0.092558 0.000205696 0.2116
-0.0928768 0.000204137 0.2117
-0.0931897 0.000202572 0.2118
-0.0934968 0.000201002 0.2119
-0.093798 0.000199427 0.212
-0.0940932 0.000197848 0.2121
-0.0943825 0.000196263 0.2122
-0.0946658 0.000194674 0.2123
-0.0949432 0.00019308 0.2124
-0.0952145 0.000191482 0.2125
-0.0954799 0.000189879 0.2126
-0.0957392 0.000188272 0.2127
-0.0959924 0.000186661 0.2128
-0.0962396 0.000185045 0.2129
-0.0964807 0.000183426 0.213
-0.0967157 0.000181803 0.2131
-0.0969446 0.000180176 0.2132
-0.0971674 0.000178546 0.2133
-0.0973841 0.000176911 0.2134
-0.0975945 0.000175274 0.2135
-0.0977989 0.000173633 0.2136
-0.097997 0.000171988 0.2137
-0.0981889 0.000170341 0.2138
-0.0983747 0.00016869 0.2139
-0.0985542 0.000167037 0.214
-0.0987275 0.000165381 0.2141
-0.0988945 0.000163722 0.2142
-0.0990553 0.00016206 0.2143
-0.0992099 0.000160396 0.2144
-0.0993582 0.000158729 0.2145
-0.0995001 0.00015706 0.2146
-0.0996358 0.000155389 0.2147
-0.0997652 0.000153715 0.2148
-0.0998883 0.00015204 0.2149
-0.100005 0.000150363 0.215
-0.100116 0.000148683 0.2151
-0.10022 0.000147003 0.2152
-0.100318 0.00014532 0.2153
-0.100409 0.000143636 0.2154
-0.100494 0.000141951 0.2155
-0.100573 0.000140264 0.2156
-0.100645 0.000138577 0.2157
-0.100711 0.000136888 0.2158
-0.100771 0.000135198 0.2159
-0.100824 0.000133508 0.216
-0.100871 0.000131816 0.2161
-0.100912 0.000130124 0.2162
-0.100946 0.000128432 0.2163
-0.100974 0.000126739 0.2164
-0.100995 0.000125045 0.2165
-0.10101 0.000123352 0.2166
-0.101019 0.000121658 0.2167
-0.101021 0.000119965 0.2168
-0.101017 0.000118271 0.2169
-0.101006 0.000116578 0.217
-0.100989 0.000114885 0.2171
-0.100966 0.000113192 0.2172
-0.100936 0.0001115 0.2173
-0.1009 0.000109809 0.2174
-0.100858 0.000108118 0.2175
-0.100809 0.000106428 0.2176
-0.100754 0.00010474 0.2177
-0.100692 0.000103052 0.2178
-0.100624 0.000101365 0.2179
-0.10055 9.96798e-05 0.218
-0.100469 9.79959e-05 0.2181
-0.100382 9.63134e-05 0.2182
-0.100289 9.46325e-05 0.2183
-0.100189 9.29533e-05 0.2184
-0.100083 9.12759e-05 0.2185
-0.0999706 8.96004e-05 0.2186
-0.0998519 8.79269e-05 0.2187
-0.0997269 8.62556e-05 0.2188
-0.0995956 8.45864e-05 0.2189
-0.099458 8.29196e-05 0.219
-0.0993141 8.12553e-05 0.2191
-0.099164 7.95934e-05 0.2192
-0.0990075 7.79342e-05 0.2193
-0.0988448 7.62778e-05 0.2194
-0.0986759 7.46242e-05 0.2195
-0.0985007 7.29735e-05 0.2196
-0.0983193 7.13259e-05 0.2197
-0.0981317 6.96815e-05 0.2198
-0.0979378 6.80403e-05 0.2199
-0.0977378 6.64025e-05 0.22
-0.0975316 6.47682e-05 0.2201
-0.0973193 6.31374e-05 0.2202
-0.0971007 6.15103e-05 0.2203
-0.0968761 5.9887e-05 0.2204
-0.0966453 5.82676e-05 0.2205
-0.0964084 5.66521e-05 0.2206
-0.0961655 5.50408e-05 0.2207
-0.0959164 5.34336e-05 0.2208
-0.0956613 5.18307e-05 0.2209
-0.0954002 5.02322e-05 0.221
-0.095133 4.86381e-05 0.2211
-0.0948598 4.70487e-05 0.2212
-0.0945806 4.54639e-05 0.2213
-0.0942954 4.3884e-05 0.2214
-0.0940043 4.23089e-05 0.2215
-0.0937072 4.07388e-05 0.2216
-0.0934043 3.91737e-05 0.2217
-0.0930954 3.76139e-05 0.2218
-0.0927806 3.60593e-05 0.2219
-0.09246 3.45101e-05 0.222
-0.0921335 3.29664e-05 0.2221
-0.0918012 3.14283e-05 0.2222
-0.0914631 2.98958e-05 0.2223
-0.0911193 2.8369e-05 0.2224
-0.0907697 2.68482e-05 0.2225
-0.0904143 2.53333e-05 0.2226
-0.0900533 2.38244e-05 0.2227
-0.0896865 2.23217e-05 0.2228
-0.0893141 2.08252e-05 0.2229
-0.0889361 1.9335e-05 0.223
-0.0885524 1.78513e-05 0.2231
-0.0881632 1.63741e-05 0.2232
-0.0877683 1.49035e-05 0.2233
-0.087368 1.34396e-05 0.2234
-0.0869621 1.19825e-05 0.2235
-0.0865508 1.05322e-05 0.2236
-0.0861339 9.089e-06 0.2237
-0.0857117 7.65282e-06 0.2238
-0.085284 6.2238e-06 0.2239
-0.084851 4.80202e-06 0.224
-0.0844126 3.38758e-06 0.2241
-0.0839688 1.98057e-06 0.2242
-0.0835198 5.8106e-07 0.2243
-0.0830655 -8.10846e-07 0.2244
-0.082606 -2.19507e-06 0.2245
-0.0821412 -3.57151e-06 0.2246
-0.0816713 -4.9401e-06 0.2247
-0.0811962 -6.30074e-06 0.2248
-0.080716 -7.65335e-06 0.2249
-0.0802307 -8.99784e-06 0.225
-0.0797404 -1.03341e-05 0.2251
-0.079245 -1.16622e-05 0.2252
-0.0787447 -1.29818e-05 0.2253
-0.0782393 -1.4293e-05 0.2254
-0.0777291 -1.55957e-05 0.2255
-0.0772139 -1.68897e-05 0.2256
-0.0766939 -1.81751e-05 0.2257
-0.076169 -1.94517e-05 0.2258
-0.0756394 -2.07194e-05 0.2259
-0.075105 -2.19782e-05 0.226
-0.0745658 -2.3228e-05 0.2261
-0.074022 -2.44687e-05 0.2262
-0.0734735 -2.57002e-05 0.2263
-0.0729203 -2.69225e-05 0.2264
-0.0723626 -2.81355e-05 0.2265
-0.0718003 -2.93391e-05 0.2266
-0.0712335 -3.05332e-05 0.2267
-0.0706622 -3.17178e-05 0.2268
-0.0700865 -3.28927e-05 0.2269
-0.0695064 -3.4058e-05 0.227
-0.0689219 -3.52134e-05 0.2271
-0.068333 -3.63591e-05 0.2272
-0.0677399 -3.74948e-05 0.2273
-0.0671425 -3.86206e-05 0.2274
-0.0665409 -3.97363e-05 0.2275
-0.0659351 -4.08419e-05 0.2276
-0.0653251 -4.19373e-05 0.2277
-0.0647111 -4.30224e-05 0.2278
-0.0640929 -4.40973e-05 0.2279
-0.0634708 -4.51617e-05 0.228
-0.0628447 -4.62157e-05 0.2281
-0.0622146 -4.72591e-05 0.2282
-0.0615806 -4.8292e-05 0.2283
-0.0609428 -4.93142e-05 0.2284
-0.0603011 -5.03257e-05 0.2285
-0.0596556 -5.13264e-05 0.2286
-0.0590064 -5.23163e-05 0.2287
-0.0583535 -5.32953e-05 0.2288
-0.057697 -5.42633e-05 0.2289
-0.0570368 -5.52203e-05 0.229
-0.0563731 -5.61662e-05 0.2291
-0.0557058 -5.7101e-05 0.2292
-0.055035 -5.80246e-05 0.2293
-0.0543608 -5.89369e-05 0.2294
-0.0536832 -5.98379e-05 0.2295
-0.0530022 -6.07276e-05 0.2296
-0.0523179 -6.16058e-05 0.2297
-0.0516303 -6.24725e-05 0.2298
-0.0509395 -6.33278e-05 0.2299
-0.0502455 -6.41714e-05 0.23
-0.0495484 -6.50034e-05 0.2301
-0.0488482 -6.58237e-05 0.2302
-0.0481449 -6.66323e-05 0.2303
-0.0474386 -6.7429e-05 0.2304
-0.0467294 -6.8214e-05 0.2305
-0.0460172 -6.89871e-05 0.2306
-0.0453022 -6.97482e-05 0.2307
-0.0445844 -7.04973e-05 0.2308
-0.0438637 -7.12345e-05 0.2309
-0.0431404 -7.19595e-05 0.231
-0.0424143 -7.26724e-05 0.2311
-0.0416857 -7.33732e-05 0.2312
-0.0409544 -7.40618e-05 0.2313
-0.0402206 -7.47381e-05 0.2314
-0.0394843 -7.54022e-05 0.2315
-0.0387455 -7.60539e-05 0.2316
-0.0380043 -7.66933e-05 0.2317
-0.0372608 -7.73202e-05 0.2318
-0.0365149 -7.79347e-05 0.2319
-0.0357668 -7.85367e-05 0.232
-0.0350165 -7.91263e-05 0.2321
-0.034264 -7.97032e-05 0.2322
-0.0335094 -8.02676e-05 0.2323
-0.0327528 -8.08193e-05 0.2324
-0.0319941 -8.13584e-05 0.2325
-0.0312334 -8.18848e-05 0.2326
-0.0304708 -8.23985e-05 0.2327
-0.0297063 -8.28994e-05 0.2328
-0.0289401 -8.33876e-05 0.2329
-0.028172 -8.38629e-05 0.233
-0.0274022 -8.43254e-05 0.2331
-0.0266307 -8.4775e-05 0.2332
-0.0258576 -8.52118e-05 0.2333
-0.0250829 -8.56356e-05 0.2334
-0.0243067 -8.60465e-05 0.2335
-0.023529 -8.64444e-05 0.2336
-0.0227499 -8.68293e-05 0.2337
-0.0219694 -8.72012e-05 0.2338
-0.0211875 -8.756e-05 0.2339
-0.0204044 -8.79058e-05 0.234
-0.0196201 -8.82385e-05 0.2341
-0.0188345 -8.85581e-05 0.2342
-0.0180479 -8.88646e-05 0.2343
-0.0172601 -8.9158e-05 0.2344
-0.0164714 -8.94382e-05 0.2345
-0.0156816 -8.97053e-05 0.2346
-0.0148909 -8.99591e-05 0.2347
-0.0140994 -9.01998e-05 0.2348
-0.013307 -9.04272e-05 0.2349
-0.0125138 -9.06415e-05 0.235
-0.0117199 -9.08424e-05 0.2351
-0.0109254 -9.10302e-05 0.2352
-0.0101302 -9.12047e-05 0.2353
-0.0093344 -9.13659e-05 0.2354
-0.00853811 -9.15138e-05 0.2355
-0.00774135 -9.16485e-05 0.2356
-0.00694417 -9.17699e-05 0.2357
-0.00614662 -9.18779e-05 0.2358
-0.00534875 -9.19727e-05 0.2359
-0.00455061 -9.20542e-05 0.236
-0.00375225 -9.21224e-05 0.2361
-0.00295373 -9.21772e-05 0.2362
-0.0021551 -9.22188e-05 0.2363
-0.0013564 -9.2247e-05 0.2364
-0.000557685 -9.22619e-05 0.2365
0.000240988 -9.22635e-05 0.2366
0.00103957 -9.22518e-05 0.2367
0.00183802 -9.22268e-05 0.2368
0.00263627 -9.21885e-05 0.2369
0.00343428 -9.21369e-05 0.237
0.00423199 -9.2072e-05 0.2371
0.00502936 -9.19938e-05 0.2372
0.00582633 -9.19023e-05 0.2373
0.00662286 -9.17975e-05 0.2374
0.00741889 -9.16795e-05 0.2375
0.00821437 -9.15482e-05 0.2376
0.00900925 -9.14037e-05 0.2377
0.00980348 -9.1246e-05 0.2378
0.010597 -9.1075e-05 0.2379
0.0113898 -9.08908e-05 0.238
0.0121818 -9.06934e-05 0.2381
0.0129729 -9.04828e-05 0.2382
0.0137631 -9.02591e-05 0.2383
0.0145523 -9.00222e-05 0.2384
0.0153406 -8.97722e-05 0.2385
0.0161278 -8.95091e-05 0.2386
0.0169139 -8.92328e-05 0.2387
0.0176988 -8.89435e-05 0.2388
0.0184826 -8.86412e-05 0.2389
0.019265 -8.83258e-05 0.239
0.0200462 -8.79974e-05 0.2391
0.020826 -8.7656e-05 0.2392
0.0216044 -8.73016e-05 0.2393
0.0223814 -8.69343e-05 0.2394
0.0231568 -8.6554e-05 0.2395
0.0239307 -8.61609e-05 0.2396
0.024703 -8.57549e-05 0.2397
0.0254736 -8.53361e-05 0.2398
0.0262425 -8.49045e-05 0.2399
0.0270097 -8.44601e-05 0.24
0.0277751 -8.40029e-05 0.2401
0.0285386 -8.35331e-05 0.2402
0.0293002 -8.30505e-05 0.2403
0.0300599 -8.25553e-05 0.2404
0.0308175 -8.20475e-05 0.2405
0.0315731 -8.15271e-05 0.2406
0.0323267 -8.09941e-05 0.2407
0.0330781 -8.04486e-05 0.2408
0.0338273 -7.98907e-05 0.2409
0.0345742 -7.93203e-05 0.241
0.0353189 -7.87375e-05 0.2411
0.0360612 -7.81423e-05 0.2412
0.0368012 -7.75349e-05 0.2413
0.0375387 -7.69151e-05 0.2414
0.0382738 -7.62831e-05 0.2415
0.0390063 -7.56389e-05 0.2416
0.0397362 -7.49826e-05 0.2417
0.0404636 -7.43141e-05 0.2418
0.0411883 -7.36336e-05 0.2419
0.0419102 -7.29411e-05 0.242
0.0426295 -7.22366e-05 0.2421
0.0433459 -7.15201e-05 0.2422
0.0440594 -7.07918e-05 0.2423
0.0447701 -7.00517e-05 0.2424
0.0454778 -6.92997e-05 0.2425
0.0461826 -6.85361e-05 0.2426
0.0468843 -6.77607e-05 0.2427
0.047583 -6.69738e-05 0.2428
0.0482785 -6.61752e-05 0.2429
0.0489709 -6.53651e-05 0.243
0.04966 -6.45436e-05 0.2431
0.0503459 -6.37106e-05 0.2432
0.0510286 -6.28663e-05 0.2433
0.0517078 -6.20107e-05 0.2434
0.0523837 -6.11438e-05 0.2435
0.0530562 -6.02657e-05 0.2436
0.0537252 -5.93765e-05 0.2437
0.0543907 -5.84762e-05 0.2438
0.0550526 -5.75649e-05 0.2439
0.055711 -5.66427e-05 0.244
0.0563656 -5.57096e-05 0.2441
0.0570167 -5.47656e-05 0.2442
0.057664 -5.38108e-05 0.2443
0.0583075 -5.28454e-05 0.2444
0.0589472 -5.18693e-05 0.2445
0.0595831 -5.08826e-05 0.2446
0.0602151 -4.98854e-05 0.2447
0.0608432 -4.88778e-05 0.2448
0.0614673 -4.78597e-05 0.2449
0.0620874 -4.68314e-05 0.245
0.0627034 -4.57928e-05 0.2451
0.0633154 -4.4744e-05 0.2452
0.0639232 -4.36852e-05 0.2453
0.0645269 -4.26162e-05 0.2454
0.0651264 -4.15373e-05 0.2455
0.0657216 -4.04486e-05 0.2456
0.0663126 -3.93499e-05 0.2457
0.0668992 -3.82416e-05 0.2458
0.0674815 -3.71235e-05 0.2459
0.0680594 -3.59958e-05 0.246
0.0686329 -3.48586e-05 0.2461
0.0692019 -3.37119e-05 0.2462
0.0697664 -3.25559e-05 0.2463
0.0703263 -3.13905e-05 0.2464
0.0708817 -3.02159e-05 0.2465
0.0714325 -2.90321e-05 0.2466
0.0719786 -2.78393e-05 0.2467
0.0725201 -2.66375e-05 0.2468
0.0730568 -2.54267e-05 0.2469
0.0735888 -2.42071e-05 0.247
0.0741161 -2.29787e-05 0.2471
0.0746385 -2.17416e-05 0.2472
0.075156 -2.0496e-05 0.2473
0.0756687 -1.92418e-05 0.2474
0.0761764 -1.79792e-05 0.2475
0.0766792 -1.67082e-05 0.2476
0.077177 -1.54289e-05 0.2477
0.0776699 -1.41415e-05 0.2478
0.0781576 -1.2846e-05 0.2479
0.0786403 -1.15424e-05 0.248
0.0791179 -1.02309e-05 0.2481
0.0795904 -8.91154e-06 0.2482
0.0800577 -7.58442e-06 0.2483
0.0805198 -6.24963e-06 0.2484
0.0809766 -4.90725e-06 0.2485
0.0814282 -3.55736e-06 0.2486
0.0818746 -2.20007e-06 0.2487
0.0823156 -8.35442e-07 0.2488
0.0827513 5.36416e-07 0.2489
0.0831816 1.91542e-06 0.249
0.0836065 3.30148e-06 0.2491
0.084026 4.69451e-06 0.2492
0.08444 6.09441e-06 0.2493
0.0848486 7.5011e-06 0.2494
0.0852516 8.91447e-06 0.2495
0.0856492 1.03344e-05 0.2496
0.0860412 1.17609e-05 0.2497
0.0864276 1.31938e-05 0.2498
0.0868084 1.4633e-05 0.2499
0.0871835 1.60785e-05 0.25
0.0875531 1.75301e-05 0.2501
0.0879169 1.89877e-05 0.2502
0.0882751 2.04512e-05 0.2503
0.0886275 2.19206e-05 0.2504
0.0889742 2.33958e-05 0.2505
0.0893151 2.48766e-05 0.2506
0.0896502 2.63629e-05 0.2507
0.0899795 2.78548e-05 0.2508
0.090303 2.9352e-05 0.2509
0.0906207 3.08544e-05 0.251
0.0909324 3.2362e-05 0.2511
0.0912383 3.38747e-05 0.2512
0.0915383 3.53924e-05 0.2513
0.0918323 3.69149e-05 0.2514
